4 0.964600 0.553223 0.012695 0.023926
0 0.338501 0.563232 0.001709 0.011230
0 0.242798 0.566895 0.002197 0.014160
0 0.750122 0.569946 0.017822 0.010010
0 0.338135 0.571533 0.000977 0.004883
0 0.792114 0.562744 0.007080 0.008789
1 0.828857 0.572876 0.004395 0.005615
1 0.965454 0.570068 0.006592 0.009766
0 0.791992 0.551147 0.006836 0.014893
0 0.828613 0.559448 0.005371 0.004639
0 0.246460 0.587402 0.002197 0.011719
0 0.828369 0.565796 0.005859 0.007568
0 0.421021 0.593506 0.006592 0.025391
0 0.599121 0.603149 0.007812 0.029053
3 0.148315 0.570435 0.004150 0.008057
1 0.578247 0.558960 0.016357 0.011963
3 0.472778 0.561523 0.010498 0.018066
3 0.899170 0.569458 0.004883 0.009521
3 0.472778 0.543335 0.013916 0.016357
3 0.706299 0.553345 0.014160 0.017822
0 0.735596 0.574829 0.004883 0.004639
4 0.736084 0.566650 0.007324 0.010254
0 0.791870 0.540161 0.007568 0.006104
