0 0.636108 0.684692 0.010010 0.016846
2 0.558838 0.687378 0.012695 0.017822
3 0.470337 0.738770 0.005615 0.007812
3 0.752319 0.634399 0.034424 0.046143
3 0.323853 0.705688 0.009521 0.011963
2 0.641968 0.656982 0.018311 0.030762
0 0.752441 0.684814 0.034668 0.060547
0 0.323120 0.708740 0.011475 0.022461
0 0.469727 0.739258 0.006348 0.011230
0 0.640015 0.672729 0.022217 0.066650
0 0.434692 0.701660 0.009521 0.016113
0 0.558228 0.698486 0.016357 0.043457
0 0.434692 0.698975 0.006104 0.009277
0 0.478638 0.734253 0.006104 0.025635
2 0.479126 0.725830 0.004150 0.008789
3 0.752319 0.679321 0.031494 0.042236
0 0.639282 0.717407 0.018799 0.028564
