1 0.629272 0.688843 0.012451 0.018799
1 0.520264 0.694336 0.003418 0.004395
0 0.476318 0.694580 0.003418 0.005859
0 0.467529 0.686890 0.003906 0.023682
0 0.520752 0.688843 0.004395 0.005127
0 0.520874 0.684570 0.004639 0.002930
0 0.554321 0.678711 0.009033 0.011230
3 0.538330 0.690552 0.006836 0.008057
0 0.476685 0.687988 0.005615 0.005859
0 0.554565 0.690674 0.007568 0.011230
4 0.629028 0.657227 0.028076 0.041504
3 0.483521 0.655762 0.007080 0.011719
0 0.538452 0.687866 0.011475 0.016357
4 0.527832 0.703369 0.005371 0.006836
3 0.460693 0.687134 0.005859 0.010986
0 0.501343 0.656250 0.007080 0.010742
1 0.475464 0.705566 0.005615 0.005371
