0 0.602661 0.579590 0.015381 0.008789
0 0.958130 0.546875 0.041260 0.073730
3 0.757080 0.609497 0.006348 0.011475
1 0.776733 0.624512 0.008057 0.017090
3 0.776978 0.610596 0.008057 0.010742
0 0.719849 0.627686 0.002686 0.005371
0 0.719727 0.623413 0.002930 0.003174
0 0.708374 0.628540 0.001709 0.003174
0 0.633545 0.608276 0.006836 0.008545
0 0.444336 0.518921 0.035156 0.072021
2 0.527954 0.551880 0.015381 0.020264
0 0.686157 0.610840 0.008057 0.006348
0 0.691284 0.600830 0.004150 0.006348
0 0.394653 0.481445 0.025635 0.010742
0 0.687866 0.605957 0.005127 0.003418
0 0.396729 0.463013 0.056641 0.029053
0 0.528076 0.575195 0.037109 0.019043
0 0.468872 0.536255 0.022705 0.046143
0 0.615112 0.586548 0.015381 0.032959
