3 0.394165 0.484741 0.018799 0.024170
3 0.946045 0.375854 0.011719 0.015381
0 0.366455 0.408813 0.007324 0.010010
0 0.458862 0.499268 0.019775 0.004395
0 0.469482 0.515381 0.003418 0.005371
0 0.458862 0.504272 0.020264 0.002686
2 0.455078 0.511719 0.008789 0.009766
0 0.458984 0.492676 0.019531 0.004395
0 0.497925 0.511108 0.003662 0.004639
0 0.487183 0.499023 0.006104 0.006348
0 0.900391 0.386475 0.011719 0.014648
0 0.560547 0.509033 0.005859 0.007812
0 0.421021 0.471680 0.026123 0.052246
0 0.279907 0.446899 0.010498 0.031982
0 0.393799 0.503052 0.020508 0.007568
2 0.582886 0.493774 0.009033 0.011963
0 0.458984 0.486816 0.020508 0.004883
0 0.920532 0.418091 0.092529 0.110107
0 0.379395 0.431152 0.058594 0.075684
3 0.279419 0.389404 0.011963 0.067383
0 0.856445 0.468872 0.022461 0.027588
0 0.582642 0.504883 0.007080 0.009277
0 0.395386 0.401855 0.007568 0.009766
