3 0.477539 0.666382 0.007812 0.010498
3 0.376709 0.692383 0.014648 0.020020
3 0.683105 0.369141 0.041504 0.054199
0 0.831299 0.568848 0.005859 0.006836
3 0.924561 0.564697 0.004395 0.006836
0 0.875977 0.530151 0.011719 0.013428
0 0.477661 0.673706 0.008057 0.003662
0 0.601196 0.649658 0.039307 0.117676
0 0.803955 0.597534 0.007324 0.022705
0 0.812012 0.567261 0.004883 0.004639
2 0.690308 0.469360 0.045654 0.063232
0 0.898193 0.569824 0.009766 0.006836
0 0.812012 0.573730 0.004883 0.005859
0 0.831421 0.575073 0.006592 0.004150
0 0.685913 0.416626 0.045166 0.045654
0 0.830566 0.562500 0.006348 0.006348
