0 0.215088 0.527344 0.017578 0.017090
0 0.428467 0.589111 0.005371 0.007812
0 0.465698 0.602417 0.010986 0.022705
0 0.462891 0.585327 0.006836 0.010498
0 0.466797 0.573242 0.013184 0.015137
0 0.142456 0.534668 0.041748 0.053711
0 0.162109 0.455322 0.011230 0.007324
0 0.280640 0.612305 0.005127 0.011230
0 0.303467 0.605469 0.013184 0.018066
0 0.327393 0.602539 0.009277 0.012207
0 0.326172 0.574219 0.008789 0.015137
0 0.326782 0.559814 0.008057 0.015625
3 0.345093 0.600098 0.007568 0.012695
3 0.358521 0.588013 0.005615 0.009521
0 0.265991 0.515747 0.022705 0.020264
0 0.326904 0.589844 0.010254 0.013184
0 0.268677 0.502319 0.016846 0.006104
0 0.415894 0.599731 0.006592 0.011475
