4 0.672607 0.373779 0.007812 0.014648
1 0.773438 0.359253 0.004395 0.012451
1 0.355957 0.407837 0.010742 0.027100
1 0.211792 0.408569 0.016846 0.042725
4 0.610474 0.376587 0.023193 0.039307
1 0.708496 0.370483 0.004883 0.013916
4 0.100830 0.398071 0.025391 0.051514
1 0.586792 0.386230 0.005127 0.013672
1 0.646484 0.378784 0.004883 0.011963
0 0.103149 0.436890 0.017334 0.027100
0 0.612061 0.411011 0.017578 0.026611
0 0.451538 0.401001 0.007080 0.015869
1 0.520020 0.397583 0.007324 0.017334
0 0.786255 0.359131 0.009033 0.011230
0 0.675415 0.384155 0.002686 0.006592
