0 0.646362 0.497681 0.028076 0.055420
0 0.621460 0.542969 0.014404 0.004883
0 0.621460 0.534424 0.012939 0.004883
0 0.620728 0.546875 0.013916 0.004883
0 0.619629 0.552124 0.015137 0.004150
0 0.619019 0.560791 0.014893 0.002930
0 0.619385 0.557007 0.014160 0.003662
0 0.621094 0.551270 0.013672 0.003418
3 0.521484 0.586304 0.006836 0.007568
0 0.619385 0.548218 0.015625 0.003174
0 0.621460 0.538696 0.012939 0.003662
0 0.621216 0.529785 0.013916 0.003418
0 0.576416 0.503296 0.007324 0.007568
3 0.650635 0.538452 0.020996 0.024658
0 0.619385 0.564819 0.014160 0.003662
0 0.536743 0.571655 0.004639 0.007080
