4 0.574707 0.634155 0.015137 0.019775
0 0.341797 0.653687 0.006348 0.005615
0 0.429199 0.656250 0.007324 0.002930
3 0.127075 0.667847 0.009521 0.011475
0 0.128418 0.609009 0.020020 0.008057
0 0.359741 0.650146 0.004639 0.005371
0 0.655762 0.647217 0.009766 0.010254
4 0.588745 0.651611 0.005127 0.010742
0 0.547607 0.657471 0.003418 0.005859
0 0.655884 0.626099 0.021240 0.027100
0 0.373535 0.653809 0.002930 0.005371
0 0.588745 0.659790 0.004150 0.005615
3 0.548218 0.665161 0.009521 0.014404
0 0.547852 0.648315 0.004883 0.013916
0 0.016846 0.601440 0.014160 0.017334
3 0.493652 0.651733 0.004395 0.007568
3 0.333984 0.654297 0.006836 0.011719
3 0.281250 0.590942 0.011719 0.018799
0 0.240601 0.594360 0.011963 0.019287
3 0.530029 0.653442 0.004395 0.007080
3 0.756348 0.658813 0.011719 0.015381
1 0.575073 0.648315 0.009521 0.008545
0 0.419556 0.592896 0.020752 0.008057
