0 0.676147 0.587769 0.020752 0.029053
0 0.673828 0.565674 0.018066 0.016602
3 0.399170 0.666870 0.005859 0.010010
1 0.678833 0.610229 0.017822 0.016357
0 0.707886 0.584229 0.020752 0.026367
0 0.669067 0.523682 0.020752 0.015137
0 0.700562 0.519165 0.021729 0.013916
0 0.671631 0.543823 0.019531 0.025635
0 0.703125 0.539551 0.020508 0.025391
0 0.705444 0.561035 0.018311 0.016602
0 0.710571 0.606567 0.017822 0.016846
0 0.432495 0.639648 0.020264 0.007324
0 0.454956 0.637939 0.017822 0.007812
0 0.526001 0.666748 0.003662 0.006348
