0 0.370605 0.523438 0.016113 0.043945
0 0.339966 0.515747 0.011475 0.007080
0 0.076904 0.535889 0.021973 0.021973
0 0.500977 0.525146 0.004395 0.005371
0 0.353638 0.514893 0.012451 0.008301
3 0.390015 0.518311 0.003662 0.004883
0 0.253174 0.501221 0.009277 0.015137
0 0.197876 0.535889 0.021729 0.020996
3 0.458862 0.517578 0.003662 0.004395
0 0.447510 0.524170 0.003418 0.005859
0 0.480347 0.403320 0.088623 0.051758
3 0.565552 0.512939 0.004150 0.008301
3 0.565186 0.504028 0.004395 0.009033
3 0.234253 0.491943 0.011963 0.015625
3 0.607788 0.480713 0.012939 0.017578
3 0.590576 0.511353 0.004883 0.006592
0 0.510498 0.531616 0.004883 0.015869
