0 0.480103 0.542847 0.010010 0.011963
0 0.494385 0.532104 0.017090 0.009521
0 0.494263 0.541992 0.016846 0.012207
0 0.592407 0.536743 0.066162 0.035889
0 0.374268 0.564697 0.018066 0.022461
0 0.398071 0.565063 0.028564 0.021240
0 0.145996 0.571899 0.005859 0.002686
0 0.494019 0.526733 0.003662 0.003662
2 0.640869 0.551147 0.031738 0.063721
0 0.425415 0.588135 0.006592 0.007812
0 0.425781 0.594849 0.004883 0.006104
0 0.426025 0.599854 0.005371 0.003906
0 0.776489 0.607666 0.012451 0.037109
0 0.385254 0.573730 0.033203 0.016113
0 0.592773 0.565552 0.064941 0.025146
0 0.621460 0.561523 0.005127 0.007812
