3 0.398682 0.569946 0.010742 0.016846
0 0.513672 0.576172 0.003418 0.006348
0 0.484009 0.461060 0.040283 0.012939
0 0.436646 0.465210 0.035889 0.013428
3 0.471436 0.598022 0.002930 0.008057
0 0.602295 0.536377 0.007812 0.014160
3 0.330933 0.618774 0.003174 0.005127
0 0.434692 0.436279 0.033447 0.012695
0 0.406982 0.561890 0.005859 0.014404
0 0.575562 0.565430 0.003662 0.010254
0 0.474731 0.584961 0.002686 0.006836
0 0.482666 0.450684 0.038086 0.012695
0 0.471924 0.603271 0.002441 0.004395
0 0.440796 0.444214 0.045654 0.011475
0 0.334717 0.611084 0.002441 0.004883
0 0.304565 0.596069 0.004639 0.007568
0 0.402710 0.579834 0.004150 0.005371
0 0.367310 0.599121 0.003174 0.006348
0 0.294067 0.615723 0.002686 0.004395
0 0.212402 0.602905 0.004883 0.008057
0 0.317017 0.598022 0.004150 0.007080
0 0.614746 0.572021 0.003906 0.007812
2 0.388062 0.563110 0.006592 0.011475
0 0.547607 0.564453 0.004883 0.009277
2 0.398804 0.554932 0.007080 0.012207
2 0.211670 0.581299 0.009277 0.015137
3 0.532715 0.563599 0.007812 0.013916
0 0.406494 0.594482 0.005371 0.015625
0 0.436401 0.455566 0.035400 0.012207
