3 0.253174 0.544434 0.042969 0.074707
0 0.569702 0.586426 0.004639 0.008789
0 0.581543 0.586182 0.004395 0.008301
0 0.563599 0.586426 0.004639 0.008789
0 0.575562 0.586426 0.005127 0.007812
0 0.575684 0.606689 0.007324 0.014160
0 0.563965 0.607788 0.008301 0.012939
0 0.539673 0.615112 0.006592 0.011963
0 0.557007 0.586792 0.004639 0.008545
0 0.606689 0.585938 0.015137 0.036621
0 0.323853 0.625732 0.009033 0.009766
0 0.569092 0.570557 0.031738 0.011719
0 0.569946 0.607178 0.033447 0.018066
0 0.440796 0.596069 0.013428 0.035889
3 0.791016 0.510742 0.047363 0.080078
0 0.569580 0.586670 0.031250 0.019043
0 0.527466 0.625977 0.003174 0.012695
