4 0.626465 0.639771 0.025391 0.033447
0 0.850830 0.554932 0.027832 0.020020
3 0.399414 0.642578 0.008789 0.013672
1 0.162842 0.690552 0.014648 0.012939
0 0.695801 0.679932 0.010742 0.014648
0 0.164307 0.663696 0.021484 0.007568
0 0.644897 0.677124 0.004639 0.014404
0 0.647095 0.688477 0.004150 0.006348
0 0.700195 0.665405 0.008301 0.015869
0 0.176514 0.713745 0.013184 0.010498
0 0.164673 0.675293 0.022217 0.014160
0 0.164429 0.652954 0.017822 0.010498
3 0.565674 0.700562 0.007812 0.010986
0 0.492188 0.650269 0.023438 0.008057
3 0.446411 0.697266 0.006592 0.010742
1 0.858521 0.615112 0.025635 0.024170
1 0.876587 0.649292 0.013916 0.013916
0 0.854370 0.583862 0.036865 0.041260
0 0.009521 0.597656 0.019043 0.020996
1 0.628418 0.661743 0.013184 0.014893
1 0.587769 0.678223 0.014893 0.011719
4 0.873657 0.625122 0.026123 0.034912
4 0.555054 0.692627 0.012939 0.017578
4 0.585327 0.651123 0.030518 0.041992
3 0.904053 0.637451 0.020508 0.023926
0 0.178589 0.702515 0.016357 0.011963
0 0.033691 0.710449 0.004883 0.018555
