3 0.883423 0.662109 0.018311 0.023438
0 0.494873 0.696533 0.007324 0.004395
0 0.589233 0.726074 0.004639 0.005859
0 0.481323 0.695679 0.010986 0.005127
3 0.717896 0.742188 0.004639 0.009277
0 0.556152 0.717529 0.008789 0.007324
0 0.769287 0.742432 0.001953 0.014648
0 0.368042 0.670044 0.004150 0.006592
0 0.552734 0.722900 0.002441 0.003418
3 0.294678 0.714600 0.006836 0.017090
0 0.175781 0.646606 0.007324 0.007568
0 0.174316 0.658203 0.007324 0.017090
1 0.173218 0.674194 0.004639 0.014404
0 0.571167 0.725708 0.004639 0.007080
0 0.709106 0.685059 0.024658 0.024902
0 0.414307 0.726440 0.007324 0.010010
0 0.709229 0.687378 0.029785 0.063232
0 0.141235 0.703003 0.025146 0.032959
0 0.177124 0.638184 0.006104 0.012207
0 0.708618 0.736572 0.012939 0.009277
