2 0.908203 0.514282 0.006348 0.008545
0 0.688477 0.550537 0.007812 0.014160
0 0.491821 0.582275 0.004150 0.006348
0 0.619263 0.562134 0.010498 0.018799
0 0.433105 0.587402 0.004395 0.005371
2 0.687988 0.548218 0.004883 0.007080
0 0.384644 0.593506 0.004150 0.005859
0 0.525146 0.575073 0.004883 0.007568
0 0.432983 0.588989 0.008057 0.011475
0 0.525146 0.577515 0.006348 0.013428
0 0.464966 0.585327 0.004150 0.007080
0 0.599121 0.562378 0.004883 0.008545
0 0.248779 0.614990 0.009766 0.012207
0 0.491699 0.584106 0.006348 0.010986
0 0.464966 0.586670 0.007080 0.012695
0 0.384766 0.594604 0.006348 0.010986
0 0.025024 0.630981 0.010498 0.007568
0 0.025146 0.623901 0.011230 0.007080
2 0.639160 0.555786 0.005371 0.007080
2 0.967285 0.505005 0.005859 0.008545
2 0.618896 0.558594 0.006348 0.009277
0 0.599365 0.564453 0.008301 0.016113
0 0.639771 0.560425 0.009033 0.018799
