3 0.446167 0.648926 0.012451 0.019043
0 0.498657 0.730103 0.009521 0.013428
3 0.478149 0.734375 0.005127 0.008789
3 0.614136 0.723877 0.006104 0.009277
3 0.037720 0.765747 0.007080 0.010010
4 0.906250 0.673950 0.010742 0.031982
3 0.895264 0.688965 0.005859 0.019043
0 0.450073 0.735474 0.005127 0.009033
0 0.896240 0.705688 0.003906 0.012939
0 0.396240 0.727661 0.002930 0.004150
0 0.419189 0.648315 0.021973 0.009521
3 0.038940 0.751343 0.009521 0.017334
0 0.403320 0.728271 0.007812 0.002930
0 0.151489 0.729370 0.005615 0.008545
