2 0.372559 0.781372 0.006348 0.012451
0 0.454712 0.809937 0.012939 0.010986
0 0.763062 0.774292 0.003662 0.011475
0 0.484619 0.819946 0.009766 0.012451
0 0.761719 0.807373 0.004395 0.010742
3 0.764038 0.792603 0.004639 0.017334
0 0.763062 0.774048 0.004639 0.022217
0 0.768066 0.812866 0.002930 0.006592
3 0.768066 0.804443 0.006836 0.011719
0 0.491211 0.806396 0.011230 0.012207
0 0.490112 0.817749 0.009033 0.011475
0 0.744385 0.682007 0.069336 0.070068
0 0.065063 0.601685 0.080322 0.081787
2 0.492432 0.791870 0.005859 0.012939
2 0.353882 0.786133 0.005615 0.011719
3 0.488403 0.795532 0.005615 0.010986
0 0.466309 0.830811 0.003418 0.005371
0 0.469727 0.827637 0.002930 0.007812
