0 0.468140 0.564331 0.009521 0.004639
2 0.895508 0.568359 0.006348 0.007324
3 0.659912 0.556152 0.011719 0.017578
0 0.739014 0.555298 0.015137 0.027100
0 0.703247 0.550293 0.011963 0.020996
3 0.440918 0.555664 0.012207 0.007324
3 0.386230 0.540894 0.003906 0.012939
3 0.428223 0.542725 0.007812 0.011230
0 0.759766 0.543579 0.009766 0.020264
0 0.636230 0.550659 0.007812 0.003174
0 0.681519 0.554199 0.010498 0.017578
0 0.895996 0.553711 0.018555 0.017578
0 0.900757 0.469727 0.066650 0.076172
0 0.897339 0.525391 0.018799 0.035156
0 0.895874 0.571899 0.018799 0.018799
0 0.638916 0.558594 0.005371 0.009766
