3 0.297241 0.305420 0.015869 0.026855
0 0.278809 0.352173 0.003418 0.007568
0 0.296265 0.337036 0.004150 0.011475
0 0.302124 0.316528 0.015381 0.023682
0 0.506470 0.317627 0.044678 0.040039
3 0.553223 0.359985 0.013184 0.021240
0 0.658936 0.350830 0.009766 0.009277
0 0.295166 0.395752 0.006348 0.035156
0 0.658203 0.365234 0.011230 0.020508
0 0.297241 0.325562 0.010498 0.015381
3 0.659668 0.335571 0.013184 0.021240
3 0.401855 0.380615 0.011719 0.024414
0 0.552368 0.381104 0.012451 0.020020
3 0.552979 0.360229 0.010254 0.017822
3 0.553589 0.339478 0.011963 0.022217
0 0.279785 0.341309 0.003906 0.013184
1 0.302979 0.333130 0.010742 0.010498
