4 0.130371 0.588379 0.041016 0.054199
0 0.427002 0.685669 0.005859 0.005127
0 0.393311 0.647949 0.005371 0.004883
0 0.530029 0.673462 0.005371 0.010986
0 0.368896 0.682251 0.005371 0.006104
3 0.215698 0.653809 0.006592 0.012695
0 0.475342 0.680420 0.006348 0.002930
0 0.216553 0.643677 0.008789 0.007080
0 0.284058 0.686646 0.006592 0.005615
0 0.215942 0.662964 0.007080 0.005615
0 0.069336 0.732300 0.031738 0.074463
0 0.216797 0.635742 0.008789 0.007812
0 0.168823 0.668945 0.008545 0.008301
3 0.467529 0.678345 0.004395 0.008545
0 0.365234 0.654785 0.009766 0.006348
0 0.322021 0.669434 0.015137 0.009766
0 0.398804 0.653687 0.009033 0.004639
3 0.501709 0.665894 0.009766 0.013428
1 0.690430 0.647095 0.021973 0.014893
1 0.128662 0.636353 0.026855 0.016846
0 0.601685 0.625000 0.033936 0.024902
0 0.334351 0.648193 0.007080 0.005371
2 0.070068 0.708740 0.011719 0.020020
4 0.689697 0.603271 0.034668 0.047852
3 0.652954 0.657593 0.009521 0.008057
0 0.652344 0.648315 0.009766 0.009521
