0 0.757690 0.744385 0.024170 0.045410
0 0.443848 0.754517 0.031738 0.028564
0 0.410156 0.609863 0.113770 0.100586
0 0.374634 0.548462 0.041260 0.034912
0 0.493530 0.748047 0.029053 0.035645
0 0.661499 0.619507 0.107666 0.065186
0 0.519653 0.590698 0.106201 0.127686
0 0.691406 0.575684 0.042969 0.021973
0 0.416626 0.597168 0.020752 0.027344
0 0.434082 0.735840 0.011230 0.009277
0 0.400757 0.794678 0.011963 0.020996
0 0.487793 0.569580 0.021484 0.030273
0 0.646729 0.775879 0.012207 0.019531
0 0.556152 0.568237 0.016602 0.027100
0 0.773315 0.781738 0.007568 0.014648
0 0.449585 0.596680 0.015869 0.026855
0 0.520752 0.569336 0.017090 0.027344
0 0.540283 0.787964 0.011719 0.020264
0 0.494019 0.742676 0.004639 0.008301
0 0.436646 0.751709 0.005127 0.008789
0 0.445557 0.751343 0.005859 0.008545
0 0.485107 0.743042 0.005371 0.008545
0 0.503662 0.742920 0.005371 0.008301
0 0.383545 0.599121 0.017090 0.027832
0 0.454590 0.750977 0.004395 0.008789
0 0.447021 0.783813 0.016602 0.009521
