0 0.305176 0.277344 0.053711 0.125000
3 0.792480 0.288330 0.025879 0.027832
3 0.698853 0.288818 0.025635 0.026367
0 0.604858 0.288452 0.026123 0.026123
3 0.926636 0.372559 0.022705 0.027344
3 0.865356 0.285645 0.023682 0.026855
0 0.675049 0.463623 0.006348 0.008301
3 0.447144 0.468628 0.010498 0.012939
3 0.495728 0.427002 0.021729 0.030762
0 0.668579 0.467651 0.007080 0.008545
3 0.814209 0.431519 0.009277 0.015869
0 0.695312 0.446899 0.006348 0.008545
3 0.695435 0.454956 0.007080 0.007568
0 0.926514 0.405273 0.015625 0.037598
0 0.988037 0.427734 0.005371 0.004395
0 0.974854 0.431274 0.012695 0.005127
0 0.028809 0.488159 0.010254 0.014404
0 0.029419 0.500000 0.010498 0.011230
0 0.368652 0.352417 0.011719 0.015869
0 0.384399 0.351440 0.012451 0.016846
0 0.004150 0.503296 0.008301 0.010498
0 0.004883 0.513550 0.009766 0.010010
0 0.831421 0.286621 0.007568 0.018066
0 0.552002 0.277100 0.009277 0.016602
0 0.846436 0.275635 0.007812 0.018066
