3 0.922974 0.550415 0.020264 0.029541
3 0.506348 0.522949 0.023438 0.030273
3 0.261230 0.531982 0.023926 0.031250
0 0.368042 0.279297 0.088135 0.054199
0 0.260376 0.490845 0.038330 0.118408
0 0.600342 0.279663 0.088867 0.053955
0 0.108643 0.277100 0.096680 0.055176
0 0.426025 0.278809 0.029785 0.052246
0 0.658447 0.277954 0.026855 0.053467
0 0.923218 0.559326 0.026611 0.058105
0 0.171509 0.277954 0.028564 0.053467
0 0.504883 0.483154 0.036133 0.114746
0 0.506348 0.463013 0.020020 0.028076
0 0.260254 0.469727 0.018555 0.026367
