4 0.837891 0.470825 0.017578 0.028076
0 0.449463 0.457275 0.003906 0.004883
3 0.375366 0.459106 0.005127 0.005127
0 0.850586 0.498047 0.012207 0.006836
0 0.375854 0.452515 0.004639 0.007568
0 0.653687 0.481201 0.005615 0.008789
0 0.459229 0.446411 0.002930 0.010986
3 0.689087 0.332764 0.015381 0.019531
3 0.777832 0.328735 0.016113 0.022705
1 0.836792 0.492310 0.012451 0.011475
3 0.828003 0.399536 0.028076 0.034424
2 0.764404 0.411255 0.012695 0.015381
2 0.531372 0.456421 0.008057 0.012451
3 0.611084 0.333374 0.013672 0.018799
1 0.827271 0.427246 0.027588 0.018066
0 0.826050 0.453857 0.014893 0.035645
2 0.407593 0.434814 0.004639 0.016602
2 0.195435 0.377075 0.011475 0.026611
