3 0.475952 0.749268 0.011963 0.013184
3 0.429810 0.756836 0.015381 0.020508
3 0.744385 0.766724 0.012207 0.015869
3 0.081665 0.702637 0.015381 0.019531
0 0.028809 0.713257 0.007324 0.010010
3 0.313965 0.768066 0.006348 0.011230
0 0.079956 0.717285 0.016846 0.011230
0 0.027710 0.719727 0.006592 0.004395
0 0.187988 0.769653 0.019043 0.008545
3 0.475830 0.777954 0.007324 0.010986
0 0.001831 0.706909 0.003662 0.013428
3 0.565308 0.753418 0.011963 0.013184
0 0.428589 0.783447 0.006592 0.033203
0 0.657593 0.803223 0.018311 0.008789
0 0.745117 0.779419 0.012207 0.008057
