0 0.614746 0.514282 0.012695 0.007568
0 0.597046 0.468628 0.016357 0.009033
0 0.405273 0.464844 0.010742 0.015625
0 0.527588 0.481567 0.042480 0.009033
0 0.588257 0.478882 0.032959 0.014893
0 0.589233 0.481445 0.005127 0.006348
2 0.584351 0.481323 0.004639 0.006104
0 0.414673 0.465454 0.006592 0.006592
0 0.412354 0.469727 0.001953 0.003906
0 0.324219 0.487305 0.002441 0.003418
0 0.324219 0.491943 0.002441 0.002930
0 0.351685 0.489990 0.002686 0.003418
0 0.351440 0.494873 0.002686 0.003906
0 0.027100 0.482544 0.003906 0.004639
0 0.329834 0.492676 0.002441 0.003906
