4 0.642700 0.326904 0.024170 0.029785
3 0.641235 0.351562 0.016846 0.023438
1 0.640381 0.371094 0.016602 0.014648
0 0.897461 0.270264 0.026367 0.055176
0 0.658447 0.400146 0.003418 0.005859
0 0.614014 0.400879 0.006348 0.002930
0 0.612427 0.404663 0.008057 0.006104
0 0.798340 0.488647 0.042969 0.135010
2 0.782227 0.346191 0.008301 0.014160
0 0.782227 0.349731 0.010742 0.023193
0 0.631836 0.398071 0.002441 0.004150
0 0.613281 0.394897 0.003906 0.008057
0 0.277222 0.363281 0.009033 0.031250
0 0.487305 0.376953 0.003418 0.006348
