0 0.598999 0.802856 0.008545 0.011963
3 0.046387 0.851562 0.005371 0.012207
0 0.257202 0.824707 0.010498 0.014648
0 0.200684 0.850220 0.013672 0.016846
3 0.394531 0.844482 0.010254 0.016602
0 0.102661 0.833008 0.012451 0.016113
0 0.781006 0.849365 0.011230 0.018066
0 0.600952 0.803589 0.038818 0.069580
3 0.099854 0.857788 0.006836 0.009033
0 0.102417 0.846558 0.009521 0.010986
0 0.102661 0.818726 0.012939 0.011963
3 0.423950 0.842285 0.013916 0.020508
3 0.409302 0.844727 0.014404 0.019531
3 0.106201 0.860962 0.006836 0.009033
0 0.781250 0.848022 0.004883 0.007080
