0 0.388428 0.579834 0.015137 0.023438
0 0.419067 0.586426 0.032471 0.011719
1 0.164307 0.637573 0.008301 0.011475
1 0.190063 0.639160 0.009521 0.012695
0 0.466919 0.609863 0.003174 0.003418
0 0.457886 0.629517 0.007568 0.010498
4 0.188110 0.546143 0.035400 0.044922
3 0.250000 0.556030 0.006836 0.016357
0 0.248657 0.578613 0.007568 0.014160
0 0.364136 0.615967 0.004639 0.005859
0 0.760010 0.654419 0.016113 0.022705
0 0.075562 0.637329 0.011475 0.010986
0 0.485474 0.621704 0.015869 0.020264
0 0.105957 0.640625 0.010742 0.009277
