0 0.571777 0.639771 0.010742 0.019775
0 0.530518 0.676147 0.019043 0.011963
0 0.529785 0.625122 0.006348 0.011963
3 0.506226 0.624634 0.006592 0.011963
0 0.617432 0.649414 0.040039 0.043457
0 0.561401 0.684692 0.012451 0.012939
3 0.511597 0.663208 0.003662 0.006104
0 0.515503 0.690430 0.012451 0.008789
0 0.537964 0.662598 0.003174 0.005859
0 0.495850 0.690796 0.008301 0.008545
0 0.571045 0.678467 0.015625 0.007324
3 0.459473 0.625000 0.006348 0.012207
3 0.482178 0.625000 0.006348 0.012207
3 0.525269 0.663086 0.003662 0.005859
0 0.557983 0.693237 0.005615 0.004150
3 0.499390 0.662476 0.003662 0.006592
