0 0.458252 0.481323 0.011230 0.012939
0 0.238403 0.445190 0.002686 0.005615
0 0.370605 0.487305 0.002441 0.005371
0 0.370972 0.481567 0.002686 0.005615
0 0.238403 0.463745 0.002686 0.006104
0 0.238403 0.457764 0.002686 0.005859
0 0.197144 0.473267 0.001221 0.004150
0 0.371826 0.464722 0.002441 0.006104
0 0.238037 0.475952 0.002441 0.006104
0 0.741333 0.521973 0.001221 0.002930
0 0.741455 0.525024 0.000977 0.003174
0 0.741333 0.515503 0.001221 0.003174
0 0.238281 0.469971 0.002441 0.005859
0 0.741333 0.518799 0.001221 0.003418
0 0.371216 0.475952 0.002686 0.005615
0 0.238281 0.451538 0.002930 0.006592
0 0.741699 0.528564 0.001465 0.002930
0 0.370605 0.492798 0.002930 0.005615
0 0.371460 0.470581 0.002686 0.005127
0 0.898560 0.490723 0.004639 0.011230
0 0.896729 0.466064 0.004883 0.011230
0 0.454956 0.472290 0.003662 0.005127
0 0.458740 0.472290 0.003906 0.005127
0 0.462402 0.473389 0.003418 0.004883
0 0.897949 0.478271 0.005371 0.011719
0 0.632202 0.536743 0.002686 0.008545
0 0.899292 0.502808 0.005127 0.011475
0 0.900146 0.515259 0.004883 0.011963
0 0.632568 0.519287 0.002441 0.008789
0 0.632812 0.510620 0.002441 0.009033
0 0.632446 0.528076 0.002686 0.008789
0 0.632812 0.501709 0.002441 0.008789
0 0.633057 0.493286 0.002441 0.008057
0 0.900879 0.527344 0.004883 0.012207
0 0.741699 0.531860 0.001465 0.003662
