3 0.807861 0.557983 0.016602 0.018311
3 0.133057 0.593628 0.010742 0.021240
0 0.471680 0.560791 0.033203 0.016113
0 0.437256 0.562988 0.032227 0.015137
0 0.284180 0.554077 0.050293 0.037842
3 0.420654 0.602539 0.007812 0.012695
3 0.343628 0.636353 0.005127 0.009521
0 0.752930 0.474976 0.017578 0.025635
4 0.817627 0.431763 0.073730 0.087158
0 0.451660 0.526611 0.005859 0.019043
0 0.451416 0.510376 0.005859 0.019287
0 0.179688 0.642456 0.011719 0.008057
0 0.421143 0.617798 0.011230 0.014893
0 0.452515 0.542969 0.005127 0.019531
0 0.751343 0.459351 0.015381 0.027100
