0 0.365967 0.469238 0.009277 0.020020
3 0.531982 0.485229 0.008301 0.010986
3 0.065430 0.465454 0.017578 0.027588
3 0.675171 0.372681 0.033936 0.047119
0 0.077271 0.471191 0.016846 0.017090
3 0.180542 0.489380 0.006104 0.014893
3 0.090576 0.464722 0.013184 0.029053
3 0.095825 0.488403 0.017822 0.027100
0 0.531982 0.493896 0.010254 0.006348
0 0.429932 0.504150 0.003906 0.006836
0 0.493652 0.493286 0.007812 0.010986
0 0.676880 0.405029 0.023193 0.018555
0 0.099243 0.480103 0.007568 0.024170
0 0.512329 0.504028 0.005127 0.007568
0 0.442017 0.504761 0.004639 0.006592
