3 0.327026 0.615845 0.010498 0.018311
3 0.197998 0.567505 0.013184 0.023193
1 0.682373 0.540894 0.027344 0.023682
3 0.645508 0.509888 0.036133 0.018799
0 0.779663 0.561523 0.014893 0.010742
1 0.714722 0.460327 0.028076 0.024658
0 0.718628 0.521729 0.032471 0.040039
0 0.677246 0.468872 0.032715 0.039795
0 0.600098 0.591675 0.017090 0.025146
0 0.678345 0.508301 0.030029 0.040527
0 0.673462 0.402344 0.030029 0.019531
0 0.406128 0.635986 0.005615 0.005859
0 0.675171 0.430298 0.031006 0.038818
0 0.406494 0.619385 0.017578 0.024414
0 0.598389 0.625366 0.003418 0.006104
3 0.574463 0.455566 0.022461 0.029297
3 0.375610 0.614746 0.015869 0.007324
3 0.193481 0.601685 0.025635 0.045654
3 0.911743 0.528564 0.051514 0.059082
0 0.780396 0.547485 0.033447 0.013916
0 0.710083 0.400024 0.032471 0.017822
3 0.518921 0.475098 0.022705 0.035645
3 0.428955 0.505737 0.019531 0.030518
0 0.716675 0.492554 0.031982 0.020264
0 0.712524 0.429443 0.031494 0.038574
0 0.720825 0.554565 0.029541 0.025635
0 0.710205 0.381226 0.031738 0.020752
