0 0.639526 0.521484 0.053955 0.030273
0 0.384766 0.628662 0.010254 0.002930
3 0.288208 0.630249 0.012451 0.019775
0 0.914307 0.575684 0.040527 0.014160
0 0.287354 0.660400 0.007812 0.024902
0 0.577759 0.635498 0.007568 0.010742
0 0.913330 0.546509 0.041504 0.049072
0 0.526489 0.636475 0.005615 0.010254
0 0.107056 0.649902 0.010498 0.026855
0 0.112427 0.590942 0.012939 0.032471
1 0.073608 0.647339 0.008057 0.029541
3 0.915527 0.593262 0.016113 0.021973
0 0.511597 0.635498 0.009033 0.003906
0 0.577637 0.643921 0.003906 0.006104
