0 0.760620 0.482056 0.058350 0.070557
0 0.735229 0.262695 0.031494 0.042480
3 0.507324 0.354980 0.010742 0.015137
0 0.584106 0.354126 0.034424 0.017822
0 0.815674 0.451904 0.014648 0.011230
0 0.788940 0.458740 0.007080 0.018066
0 0.678711 0.470703 0.023438 0.023926
0 0.716309 0.438965 0.016113 0.012207
4 0.610474 0.478394 0.013428 0.029053
3 0.055054 0.501221 0.014893 0.006836
0 0.889771 0.422363 0.013428 0.016113
0 0.727417 0.462769 0.024658 0.022217
0 0.058105 0.504761 0.013672 0.020752
1 0.716797 0.449463 0.015625 0.011230
