3 0.420166 0.397583 0.007324 0.027100
3 0.063721 0.479370 0.009277 0.015869
3 0.212891 0.270752 0.058594 0.075195
2 0.116455 0.462158 0.010254 0.013184
3 0.240356 0.349487 0.027100 0.038818
1 0.209961 0.331909 0.057129 0.035889
2 0.384277 0.458130 0.012695 0.016846
0 0.383789 0.473999 0.012695 0.016846
2 0.418945 0.427124 0.005859 0.026123
0 0.208252 0.451294 0.041992 0.021240
1 0.383423 0.486572 0.012939 0.008301
3 0.238770 0.308350 0.032715 0.041504
0 0.409668 0.481689 0.009277 0.016113
0 0.064331 0.461670 0.010498 0.014648
3 0.383545 0.499268 0.012207 0.015625
