0 0.502441 0.581055 0.095703 0.039551
0 0.554810 0.579590 0.006104 0.012695
0 0.449829 0.597046 0.006104 0.006592
0 0.449829 0.590942 0.006104 0.006104
0 0.449707 0.581909 0.006348 0.012451
0 0.602783 0.668579 0.004395 0.004639
0 0.602661 0.671997 0.005127 0.002197
1 0.577026 0.660522 0.004150 0.008545
1 0.572876 0.660400 0.004639 0.008789
0 0.575073 0.668091 0.007080 0.006104
0 0.560425 0.635742 0.006104 0.007812
0 0.567749 0.635620 0.005615 0.007568
0 0.579346 0.635620 0.005859 0.008545
0 0.585938 0.634766 0.006348 0.008301
0 0.450195 0.656372 0.002441 0.003174
0 0.633911 0.577759 0.048584 0.038330
0 0.554932 0.588745 0.005859 0.006104
0 0.555054 0.594971 0.006104 0.006348
