2 0.491821 0.580200 0.006592 0.009521
3 0.901367 0.367310 0.093750 0.111572
0 0.466187 0.628052 0.023682 0.011475
3 0.269897 0.581055 0.007568 0.010742
0 0.728271 0.568970 0.035156 0.030518
0 0.470215 0.615234 0.041992 0.015625
0 0.656738 0.605713 0.015625 0.005371
0 0.834595 0.630615 0.113037 0.043457
0 0.657104 0.612183 0.015869 0.006104
0 0.056030 0.583862 0.005615 0.008057
0 0.463867 0.599487 0.042480 0.016846
0 0.374878 0.577271 0.008057 0.012939
0 0.656494 0.616455 0.009277 0.004395
0 0.654663 0.622070 0.016357 0.006348
