0 0.871338 0.783081 0.022949 0.010010
2 0.768188 0.743042 0.004639 0.005615
0 0.709961 0.645630 0.008789 0.011475
4 0.400635 0.736694 0.011719 0.015381
0 0.748291 0.743652 0.002930 0.003906
0 0.569336 0.637939 0.008301 0.011719
0 0.635986 0.641357 0.008301 0.011719
2 0.713989 0.620239 0.017822 0.022217
2 0.656738 0.591553 0.008301 0.010742
0 0.400391 0.741943 0.015625 0.028809
0 0.480347 0.781860 0.016357 0.014893
0 0.730957 0.768188 0.014648 0.017822
0 0.430664 0.620972 0.091797 0.043701
0 0.627930 0.617432 0.196777 0.075684
0 0.743286 0.738525 0.057861 0.017578
0 0.740723 0.725220 0.019531 0.010010
0 0.768433 0.736694 0.005127 0.005615
0 0.757568 0.743896 0.002930 0.003906
