0 0.264404 0.760864 0.079102 0.047119
0 0.265869 0.750488 0.012207 0.016602
2 0.284790 0.760010 0.021240 0.028809
0 0.426880 0.667236 0.017334 0.041992
0 0.869507 0.733398 0.058838 0.025391
0 0.267578 0.711792 0.075195 0.050049
0 0.706421 0.748413 0.025146 0.006592
0 0.153809 0.776123 0.012207 0.033691
3 0.687134 0.736694 0.007080 0.010498
0 0.380005 0.811035 0.002686 0.009277
0 0.841553 0.706909 0.026367 0.029053
0 0.687622 0.742065 0.009033 0.023193
0 0.885010 0.795532 0.014648 0.017822
0 0.979126 0.807251 0.006104 0.023682
0 0.791138 0.796265 0.010498 0.006592
0 0.803833 0.798584 0.015381 0.003418
0 0.979248 0.804810 0.004883 0.012451
