3 0.095215 0.501953 0.003906 0.011719
0 0.190186 0.519287 0.003906 0.017090
0 0.527466 0.497192 0.001709 0.006592
0 0.106201 0.500122 0.001953 0.007568
0 0.970825 0.505859 0.001709 0.005371
3 0.896362 0.487183 0.002686 0.005615
0 0.941895 0.513306 0.003418 0.018311
0 0.964966 0.503662 0.002686 0.005371
0 0.303833 0.546021 0.016357 0.023193
0 0.896484 0.491455 0.002930 0.002930
3 0.667236 0.484985 0.006348 0.009033
0 0.073975 0.494507 0.002441 0.005127
0 0.956055 0.488403 0.002441 0.004639
0 0.893921 0.474609 0.003174 0.002930
0 0.893799 0.469727 0.002930 0.005859
2 0.569336 0.470825 0.031738 0.047607
0 0.994385 0.504761 0.001953 0.008545
