3 0.345337 0.523804 0.012939 0.024658
0 0.884521 0.618652 0.012207 0.032227
0 0.713623 0.444824 0.020996 0.059570
3 0.887451 0.611084 0.004883 0.011230
0 0.478882 0.477783 0.015869 0.009277
0 0.241333 0.446411 0.010498 0.025635
0 0.525513 0.396973 0.009521 0.008789
0 0.885986 0.460571 0.011719 0.022705
3 0.041138 0.478760 0.014404 0.092773
0 0.119263 0.344971 0.017334 0.035645
0 0.714722 0.304688 0.033936 0.038574
0 0.710815 0.258423 0.052002 0.092041
0 0.728149 0.464600 0.024170 0.026855
3 0.770264 0.475098 0.048828 0.137207
3 0.525757 0.384155 0.010010 0.016846
0 0.123413 0.303223 0.028076 0.082520
0 0.641602 0.502808 0.012207 0.008545
