3 0.738403 0.073608 0.021240 0.029053
3 0.058472 0.331909 0.012451 0.023682
1 0.271240 0.306396 0.035645 0.025391
0 0.055908 0.324463 0.033691 0.047363
2 0.254272 0.300171 0.006104 0.008057
0 0.275146 0.318481 0.036621 0.023682
1 0.233887 0.328735 0.010742 0.011963
0 0.246460 0.250122 0.031494 0.039795
0 0.383789 0.327515 0.011230 0.012939
0 0.553955 0.212280 0.011230 0.018799
0 0.382080 0.320801 0.010742 0.009277
0 0.255371 0.277588 0.023926 0.018555
0 0.070557 0.371948 0.034668 0.046631
0 0.345947 0.328613 0.020508 0.020508
0 0.260986 0.295532 0.028320 0.035400
2 0.379272 0.311279 0.013428 0.019043
0 0.393433 0.319824 0.008545 0.007812
2 0.391357 0.312500 0.010254 0.014160
0 0.395142 0.324219 0.009033 0.008301
0 0.729736 0.040405 0.028320 0.052002
2 0.336548 0.302368 0.025146 0.032471
3 0.224487 0.309692 0.018799 0.029541
3 0.727417 0.033813 0.016846 0.022217
3 0.248169 0.255249 0.011963 0.015869
0 0.553345 0.209717 0.006104 0.007324
3 0.557617 0.224487 0.008301 0.010986
0 0.342041 0.317993 0.019531 0.016846
0 0.066528 0.383301 0.007080 0.008789
