0 0.689941 0.307617 0.014160 0.018555
3 0.444824 0.501709 0.004395 0.005371
4 0.480347 0.490723 0.009033 0.011719
0 0.690063 0.281860 0.019287 0.025635
3 0.660400 0.288696 0.014160 0.017334
0 0.475342 0.475708 0.003418 0.008057
0 0.364624 0.496826 0.010498 0.023438
3 0.427734 0.488770 0.003906 0.006348
0 0.660645 0.297974 0.019043 0.039795
0 0.689209 0.316895 0.020020 0.041016
0 0.705933 0.340210 0.007568 0.009521
0 0.473999 0.482910 0.003174 0.005371
0 0.434814 0.490234 0.010742 0.003906
0 0.694458 0.363647 0.033447 0.052490
0 0.473999 0.485352 0.003662 0.009277
3 0.346436 0.445557 0.025391 0.031738
