0 0.957764 0.498535 0.003418 0.007324
0 0.794922 0.509766 0.006836 0.012695
0 0.512085 0.503662 0.001221 0.002441
0 0.524658 0.506470 0.001953 0.005127
0 0.511963 0.506104 0.000977 0.001953
0 0.522827 0.506714 0.001709 0.004150
1 0.039917 0.497681 0.004150 0.004639
0 0.528564 0.505249 0.002441 0.004150
0 0.273560 0.558350 0.011963 0.030273
0 0.939087 0.502930 0.002197 0.009277
0 0.969116 0.504150 0.002686 0.002930
1 0.128906 0.545532 0.009766 0.017822
3 0.035156 0.491211 0.004395 0.009277
0 0.890137 0.499146 0.002930 0.008057
3 0.129028 0.486816 0.015381 0.041016
3 0.889893 0.490601 0.002930 0.008545
2 0.035400 0.500488 0.004883 0.009277
3 0.040039 0.490967 0.004395 0.009277
3 0.128906 0.522949 0.010254 0.029785
3 0.528687 0.499268 0.003174 0.006348
1 0.528687 0.508667 0.002686 0.002686
3 0.968872 0.499878 0.002686 0.005615
