0 0.369873 0.257080 0.081055 0.043945
4 0.596436 0.390381 0.006836 0.012207
0 0.373657 0.371460 0.009033 0.012939
0 0.537598 0.357910 0.029297 0.041992
4 0.525879 0.376831 0.024414 0.040771
0 0.198242 0.319946 0.038086 0.052979
0 0.392334 0.231934 0.034668 0.017090
0 0.452637 0.262085 0.084961 0.053955
0 0.477905 0.229492 0.034424 0.015137
0 0.387939 0.371948 0.012695 0.010010
0 0.445679 0.397339 0.002686 0.004639
0 0.451172 0.396118 0.002441 0.005127
0 0.398315 0.388306 0.002686 0.004639
0 0.348633 0.386230 0.005859 0.005859
0 0.430176 0.392334 0.014648 0.012207
0 0.596558 0.399902 0.002686 0.007324
