3 0.425415 0.480347 0.004639 0.008545
0 0.541016 0.439575 0.003418 0.004639
3 0.580444 0.480225 0.004150 0.008789
0 0.651489 0.322021 0.028076 0.018555
0 0.623413 0.322510 0.027588 0.018555
0 0.595825 0.323120 0.027100 0.017822
0 0.540649 0.446289 0.001709 0.008789
0 0.234985 0.467896 0.006592 0.011963
1 0.671265 0.394775 0.013916 0.024902
0 0.408691 0.484253 0.007324 0.011475
3 0.412842 0.425537 0.010254 0.020508
3 0.418579 0.488281 0.007080 0.010742
2 0.735962 0.407837 0.016357 0.031494
3 0.670532 0.366699 0.019775 0.033691
0 0.413452 0.473511 0.009521 0.023193
0 0.049438 0.472412 0.003662 0.015625
0 0.425659 0.487671 0.003662 0.009033
