3 0.255249 0.428589 0.024170 0.032471
0 0.314697 0.478882 0.035645 0.013428
0 0.488647 0.574951 0.004150 0.005859
0 0.394775 0.579956 0.006348 0.008057
0 0.466064 0.476196 0.008789 0.010986
0 0.418335 0.476074 0.009033 0.011230
0 0.478882 0.465454 0.081787 0.047607
0 0.191528 0.540649 0.012939 0.006104
0 0.226074 0.445557 0.016113 0.006348
0 0.468018 0.571289 0.012207 0.011230
0 0.383423 0.465820 0.099854 0.048340
2 0.559692 0.465576 0.027100 0.036621
3 0.477539 0.573242 0.004883 0.006836
3 0.226562 0.425537 0.024414 0.032227
3 0.192139 0.530273 0.012695 0.014648
3 0.303101 0.514160 0.011963 0.016113
0 0.348267 0.476074 0.008545 0.010742
0 0.477173 0.568237 0.005615 0.003662
