0 0.699829 0.494141 0.022705 0.036621
0 0.391235 0.545654 0.012939 0.020508
0 0.616943 0.584106 0.032227 0.026611
0 0.615356 0.482056 0.029541 0.018799
0 0.618530 0.532715 0.033936 0.018066
0 0.618652 0.549805 0.032715 0.020020
0 0.615356 0.499756 0.030518 0.017090
0 0.751831 0.515259 0.056396 0.028564
0 0.619507 0.515869 0.034424 0.019043
3 0.600586 0.565552 0.008301 0.014893
0 0.765625 0.490967 0.010742 0.018066
0 0.746948 0.490234 0.053467 0.026367
0 0.599854 0.586426 0.011719 0.024414
2 0.388062 0.595581 0.014893 0.026611
3 0.387939 0.573730 0.008789 0.016113
3 0.188965 0.616821 0.037109 0.062256
3 0.610962 0.609009 0.015869 0.029053
0 0.734619 0.514038 0.010254 0.019775
0 0.618896 0.568481 0.030273 0.025635
0 0.391846 0.571411 0.012207 0.029053
