4 0.657104 0.821655 0.009521 0.011475
3 0.763672 0.741455 0.026367 0.035156
3 0.715454 0.784546 0.014893 0.020264
3 0.806030 0.745728 0.026611 0.035400
3 0.656006 0.796631 0.008301 0.010254
3 0.606445 0.754150 0.007324 0.012207
3 0.656494 0.808594 0.008301 0.011230
0 0.705200 0.730103 0.026611 0.019775
0 0.704834 0.709595 0.026367 0.019287
1 0.705566 0.751099 0.027344 0.019775
0 0.735229 0.800049 0.010010 0.014648
0 0.696899 0.734375 0.050537 0.082031
4 0.689941 0.774658 0.026855 0.029297
0 0.784424 0.728027 0.105469 0.089355
0 0.449829 0.757690 0.007568 0.010498
0 0.475220 0.760376 0.007568 0.010010
