3 0.152100 0.478882 0.014648 0.028564
3 0.779907 0.566650 0.012451 0.015625
0 0.870972 0.562988 0.008545 0.006836
0 0.987671 0.568359 0.008057 0.004883
0 0.986694 0.564941 0.006104 0.004395
0 0.954224 0.621948 0.003662 0.008057
0 0.870117 0.570312 0.008789 0.006836
0 0.779541 0.578369 0.009277 0.009766
0 0.924438 0.526367 0.016846 0.010254
0 0.710327 0.530762 0.022217 0.013184
3 0.710205 0.510132 0.023926 0.027588
2 0.654541 0.512329 0.017578 0.022217
0 0.609863 0.578491 0.004395 0.007080
0 0.514404 0.571045 0.004395 0.006836
0 0.609497 0.583618 0.002686 0.003662
0 0.523682 0.581177 0.003906 0.006592
0 0.492554 0.568726 0.007080 0.011475
0 0.492554 0.560303 0.004639 0.007812
3 0.643188 0.584839 0.020752 0.028564
2 0.429077 0.463379 0.013428 0.020020
3 0.984131 0.581787 0.012207 0.015625
2 0.779541 0.552490 0.008789 0.012695
0 0.603760 0.587036 0.004883 0.008545
3 0.923950 0.510864 0.017334 0.023193
0 0.899536 0.585693 0.003662 0.011230
2 0.513794 0.577637 0.004639 0.007812
0 0.342285 0.548584 0.005859 0.010254
3 0.145508 0.508179 0.024902 0.019775
0 0.433472 0.556030 0.005127 0.004150
0 0.477417 0.539185 0.007568 0.007080
0 0.342651 0.562134 0.005615 0.014893
3 0.477173 0.545532 0.007568 0.005127
3 0.779907 0.589111 0.010498 0.012207
0 0.502319 0.557373 0.005127 0.009277
