3 0.243896 0.631592 0.032227 0.039551
4 0.136230 0.558960 0.083984 0.106201
3 0.277832 0.647583 0.005371 0.009521
0 0.242554 0.775024 0.049561 0.046143
0 0.214111 0.627808 0.033203 0.039795
0 0.224976 0.658936 0.061768 0.024414
0 0.279053 0.613037 0.023926 0.038574
0 0.277588 0.636597 0.021973 0.011475
0 0.277344 0.656006 0.009766 0.029785
0 0.265259 0.674438 0.016846 0.008057
0 0.274048 0.701660 0.007568 0.011719
0 0.704834 0.760010 0.026855 0.010742
0 0.262939 0.692993 0.027344 0.010986
0 0.699463 0.765991 0.014648 0.007568
0 0.700928 0.772827 0.016602 0.009033
0 0.682129 0.752686 0.017090 0.007812
