0 0.267090 0.417969 0.005859 0.007812
0 0.157104 0.409546 0.006592 0.009521
0 0.086060 0.421021 0.008545 0.012451
0 0.110962 0.420898 0.006104 0.010742
0 0.072510 0.420654 0.009766 0.011719
0 0.099121 0.420776 0.008301 0.011475
0 0.122559 0.420776 0.005859 0.010010
0 0.293457 0.417236 0.005371 0.007812
0 0.122070 0.399780 0.006836 0.012451
0 0.559448 0.417725 0.017334 0.008301
0 0.275024 0.403564 0.006104 0.007812
0 0.275879 0.417969 0.005859 0.007324
0 0.293091 0.402954 0.005615 0.008545
0 0.258179 0.418823 0.006104 0.007080
0 0.284546 0.403320 0.005127 0.008301
0 0.258301 0.404175 0.005371 0.008057
0 0.266968 0.404419 0.005127 0.008057
0 0.284546 0.417236 0.006104 0.007812
0 0.110229 0.399658 0.007568 0.012695
