3 0.278076 0.333618 0.013672 0.018799
0 0.133057 0.411743 0.009277 0.010498
0 0.200195 0.410156 0.004883 0.002930
0 0.523804 0.389771 0.004150 0.003662
0 0.133301 0.410767 0.006348 0.008057
0 0.132568 0.397827 0.006836 0.008057
0 0.134888 0.428345 0.009521 0.007080
0 0.134399 0.421387 0.009521 0.005859
0 0.199219 0.390015 0.004883 0.011963
0 0.417847 0.387451 0.005615 0.005371
0 0.418213 0.392700 0.006348 0.005127
0 0.343750 0.328735 0.045898 0.021729
0 0.835815 0.292480 0.013428 0.014648
2 0.340088 0.329468 0.005859 0.008545
3 0.280151 0.369507 0.009521 0.012451
3 0.546875 0.380127 0.008789 0.011719
0 0.836548 0.305908 0.013428 0.013672
0 0.343018 0.355225 0.034180 0.017090
0 0.523560 0.384766 0.005615 0.008301
2 0.416992 0.380981 0.005859 0.008057
2 0.834229 0.274902 0.014648 0.027832
2 0.333008 0.330200 0.006348 0.008545
0 0.131958 0.399414 0.010498 0.013184
3 0.198975 0.375854 0.007324 0.014893
3 0.279419 0.353638 0.013916 0.020752
0 0.348267 0.343018 0.034424 0.013672
0 0.833008 0.225220 0.024414 0.063232
