4 0.686890 0.528809 0.006592 0.009277
4 0.625122 0.529663 0.006592 0.008545
0 0.482910 0.458618 0.033691 0.035889
3 0.902466 0.498657 0.005127 0.006592
3 0.712036 0.513184 0.003662 0.004883
0 0.662598 0.510010 0.049805 0.024414
0 0.981567 0.498291 0.035400 0.066406
3 0.786865 0.506836 0.004883 0.006836
3 0.721313 0.515747 0.004150 0.005127
0 0.673584 0.522461 0.006836 0.008301
0 0.657104 0.542236 0.010498 0.038086
3 0.694214 0.515503 0.003174 0.017822
0 0.470093 0.456177 0.004150 0.006104
0 0.648560 0.525391 0.003174 0.003418
3 0.902466 0.499756 0.007568 0.009277
3 0.608032 0.530273 0.003662 0.005859
