3 0.462891 0.647583 0.004883 0.006592
3 0.847046 0.597900 0.008545 0.010742
3 0.869629 0.340088 0.076660 0.088379
0 0.834961 0.604736 0.007812 0.010254
0 0.037964 0.652710 0.006104 0.014893
0 0.036865 0.665649 0.005859 0.011963
0 0.427368 0.654419 0.004639 0.006104
3 0.568481 0.626465 0.006592 0.009766
0 0.436646 0.634644 0.005127 0.006592
0 0.463013 0.654541 0.003174 0.006836
0 0.577271 0.638916 0.004150 0.008301
0 0.564941 0.632202 0.015137 0.016846
0 0.559692 0.633667 0.008057 0.014404
0 0.552002 0.625732 0.004395 0.006348
0 0.569580 0.656128 0.004883 0.007568
