0 0.630737 0.751587 0.007568 0.009033
0 0.631104 0.767456 0.007812 0.006104
0 0.990356 0.711548 0.018799 0.100830
0 0.566895 0.763062 0.016113 0.014404
1 0.942383 0.765381 0.047363 0.030273
0 0.478760 0.766724 0.003418 0.003174
0 0.597290 0.766235 0.014404 0.007080
0 0.478516 0.761841 0.003906 0.005127
0 0.558105 0.760132 0.011719 0.014404
1 0.955811 0.740967 0.015625 0.019531
0 0.449097 0.765747 0.007080 0.005615
0 0.596924 0.757202 0.007324 0.010498
1 0.386108 0.764404 0.014893 0.010742
0 0.235840 0.761108 0.054688 0.033936
4 0.449219 0.758423 0.006836 0.009521
4 0.630615 0.761108 0.006836 0.010498
4 0.385742 0.750977 0.014160 0.016602
4 0.449341 0.749878 0.007080 0.008057
4 0.734009 0.756348 0.015869 0.018066
0 0.423950 0.763672 0.010986 0.011719
1 0.734741 0.769409 0.015869 0.010498
