4 0.428101 0.528687 0.006592 0.009033
0 0.841797 0.512817 0.011719 0.019287
3 0.249756 0.525146 0.008301 0.010254
0 0.308228 0.531006 0.003174 0.004395
0 0.350464 0.531128 0.003662 0.005127
1 0.365845 0.528931 0.003174 0.005615
0 0.373291 0.530151 0.004883 0.007080
0 0.376221 0.526245 0.003906 0.006104
0 0.390869 0.528198 0.003418 0.005615
0 0.422485 0.525146 0.004150 0.005371
0 0.406494 0.527222 0.003418 0.005127
0 0.414673 0.526367 0.002686 0.005371
0 0.422485 0.529907 0.004150 0.002686
0 0.420044 0.526123 0.003174 0.005859
