3 0.726196 0.285522 0.073486 0.097412
4 0.408691 0.454956 0.016113 0.021240
3 0.175903 0.376709 0.048096 0.059082
4 0.621948 0.455811 0.016846 0.021484
1 0.407837 0.471680 0.012451 0.008301
1 0.621948 0.471680 0.012451 0.007812
0 0.730347 0.376709 0.075928 0.097656
3 0.176392 0.423462 0.048584 0.033936
2 0.287964 0.488403 0.005615 0.007568
0 0.599976 0.461914 0.006592 0.008301
3 0.599487 0.485596 0.006592 0.008789
0 0.599487 0.453003 0.009033 0.008057
0 0.823486 0.423584 0.007324 0.031250
0 0.736328 0.443237 0.011230 0.021240
