0 0.483032 0.731567 0.026123 0.030518
0 0.369263 0.787598 0.002686 0.007812
0 0.215576 0.794067 0.004883 0.008057
0 0.383301 0.777344 0.011230 0.004883
0 0.290771 0.785034 0.004395 0.008545
0 0.208496 0.796753 0.002441 0.005127
0 0.395508 0.770508 0.011719 0.016113
0 0.208496 0.789307 0.003906 0.006836
0 0.295654 0.744141 0.005859 0.011230
0 0.383179 0.791016 0.011475 0.013184
0 0.410400 0.785278 0.005371 0.012451
0 0.178467 0.776489 0.005371 0.012939
3 0.370361 0.777710 0.008301 0.011475
3 0.237671 0.712036 0.011963 0.019287
0 0.254028 0.746460 0.016357 0.009033
3 0.359009 0.714966 0.010986 0.018311
3 0.479248 0.754761 0.006836 0.017334
0 0.383179 0.781982 0.008545 0.004883
0 0.185059 0.744629 0.014160 0.004395
