4 0.920654 0.378296 0.042969 0.075928
1 0.921265 0.427490 0.039795 0.025879
0 0.721802 0.156982 0.082764 0.083008
0 0.400513 0.491699 0.011963 0.006348
4 0.400269 0.474976 0.013916 0.024658
0 0.529175 0.480469 0.011963 0.007812
0 0.544800 0.484009 0.004150 0.009033
4 0.529175 0.464722 0.012939 0.022705
4 0.507324 0.466431 0.013184 0.024658
0 0.488892 0.452148 0.006104 0.005371
0 0.508301 0.483887 0.011719 0.008301
4 0.619995 0.460205 0.013428 0.023926
0 0.619873 0.476196 0.012695 0.008545
0 0.581421 0.445190 0.007080 0.006104
