3 0.568970 0.512451 0.006592 0.015137
0 0.397583 0.541504 0.002686 0.011719
1 0.580566 0.416260 0.007812 0.010742
0 0.570679 0.404053 0.009033 0.016113
0 0.539429 0.512817 0.002197 0.005127
0 0.580566 0.402832 0.008789 0.016113
1 0.571167 0.417847 0.008057 0.010986
0 0.780396 0.320435 0.004639 0.019775
0 0.775146 0.325684 0.004883 0.019531
0 0.780273 0.295288 0.005371 0.032471
0 0.774414 0.301636 0.005371 0.031006
0 0.559814 0.405273 0.011230 0.016113
0 0.320312 0.401245 0.009766 0.021240
3 0.852051 0.500977 0.049805 0.132324
0 0.728271 0.351318 0.008789 0.023438
0 0.509888 0.417969 0.024658 0.013184
1 0.560303 0.419189 0.008301 0.010254
0 0.543945 0.515137 0.003906 0.007324
