2 0.336182 0.661377 0.005859 0.008301
0 0.393311 0.695679 0.004395 0.017822
3 0.386841 0.686768 0.004639 0.007324
3 0.393677 0.675049 0.009033 0.014648
3 0.328613 0.665894 0.015137 0.019775
3 0.313232 0.684326 0.011230 0.015625
4 0.264526 0.703491 0.025146 0.032471
3 0.263062 0.657104 0.019775 0.031006
0 0.142212 0.685059 0.008057 0.016113
3 0.139282 0.661987 0.021240 0.029053
3 0.140259 0.616821 0.014893 0.018311
4 0.550415 0.627441 0.015381 0.019531
3 0.801147 0.553833 0.013428 0.019775
0 0.617554 0.588745 0.028564 0.010498
0 0.140381 0.596802 0.016113 0.021240
0 0.738159 0.591553 0.039307 0.051270
1 0.667114 0.635864 0.016846 0.017334
1 0.617676 0.601562 0.012695 0.017090
0 0.347046 0.683716 0.003174 0.004150
4 0.246826 0.717651 0.009766 0.036865
0 0.559570 0.643677 0.012695 0.005127
0 0.616577 0.569336 0.014404 0.010254
0 0.664673 0.584351 0.018799 0.013428
0 0.665161 0.598022 0.019287 0.013916
0 0.666016 0.615723 0.023438 0.025391
2 0.140381 0.575928 0.016113 0.020996
0 0.124756 0.632935 0.024414 0.010986
4 0.533691 0.671997 0.007812 0.011475
0 0.548096 0.658447 0.004883 0.007812
0 0.549194 0.666138 0.005615 0.008545
0 0.550293 0.674072 0.007324 0.012695
3 0.619629 0.653687 0.018066 0.024170
0 0.628418 0.618408 0.006348 0.009277
0 0.140381 0.561401 0.016602 0.011963
0 0.617065 0.579102 0.025146 0.010254
