0 0.630981 0.682495 0.103271 0.062256
0 0.027222 0.735596 0.054443 0.023438
3 0.697266 0.668823 0.022949 0.010986
0 0.698364 0.695312 0.007568 0.041504
0 0.492432 0.668701 0.020508 0.027344
0 0.446411 0.748169 0.012939 0.009521
0 0.378174 0.769653 0.012695 0.016846
0 0.377808 0.782227 0.015381 0.008301
3 0.985107 0.558716 0.028320 0.021729
3 0.972656 0.618408 0.053711 0.092773
0 0.632935 0.716064 0.099854 0.012207
0 0.614380 0.700684 0.011475 0.015137
0 0.107178 0.751099 0.017090 0.011475
0 0.492310 0.679199 0.004639 0.006348
0 0.492554 0.685913 0.014404 0.006592
