0 0.618530 0.426392 0.012451 0.023193
0 0.544434 0.423340 0.007324 0.013184
0 0.268555 0.298462 0.014648 0.019287
3 0.464966 0.401245 0.007080 0.012939
0 0.032104 0.246582 0.017334 0.017090
0 0.267456 0.313843 0.010498 0.018311
0 0.616577 0.445190 0.013916 0.019287
3 0.608398 0.408813 0.011719 0.034424
0 0.840210 0.557861 0.005615 0.010742
0 0.614502 0.459717 0.010254 0.018066
0 0.860229 0.417114 0.012451 0.090576
0 0.838867 0.566406 0.006348 0.008789
0 0.825317 0.489258 0.019287 0.035645
0 0.698242 0.494141 0.005859 0.012207
3 0.944824 0.613770 0.012695 0.030273
0 0.270874 0.280396 0.012939 0.025146
0 0.967041 0.538330 0.027344 0.036133
0 0.413940 0.189941 0.055908 0.053223
3 0.241089 0.118896 0.012451 0.027344
0 0.334839 0.161011 0.052979 0.072998
0 0.507446 0.231079 0.068115 0.069092
0 0.530029 0.231079 0.014160 0.018799
