3 0.559814 0.516968 0.018066 0.023682
0 0.448730 0.703369 0.002441 0.001465
0 0.418213 0.702148 0.003906 0.004395
0 0.474854 0.706055 0.002441 0.001953
0 0.474609 0.702026 0.003906 0.005615
0 0.494263 0.700195 0.005615 0.008301
0 0.486328 0.703247 0.004395 0.006104
0 0.418213 0.704956 0.001953 0.002197
0 0.526611 0.694214 0.002930 0.005615
0 0.611206 0.672363 0.004639 0.010254
0 0.685181 0.667480 0.016846 0.011719
0 0.775757 0.671387 0.006104 0.013184
0 0.639526 0.525024 0.027588 0.018799
3 0.485596 0.510742 0.018066 0.028809
3 0.684082 0.657959 0.022949 0.011230
0 0.536133 0.689209 0.004883 0.010742
0 0.448730 0.705688 0.002441 0.003174
