3 0.607666 0.623535 0.008789 0.016602
3 0.551147 0.616943 0.008057 0.007812
0 0.621826 0.610474 0.041504 0.011475
0 0.548218 0.609375 0.014404 0.012695
0 0.606812 0.568970 0.021240 0.027100
2 0.551025 0.607056 0.008789 0.011963
0 0.560303 0.578491 0.009277 0.006592
0 0.551025 0.578247 0.009277 0.006592
1 0.550903 0.596802 0.007568 0.006592
0 0.446411 0.621704 0.005127 0.005127
0 0.560425 0.587402 0.009033 0.011230
0 0.621704 0.588501 0.041260 0.010498
0 0.621460 0.599243 0.041260 0.011475
0 0.551025 0.587402 0.008301 0.010742
0 0.560303 0.597412 0.008301 0.008789
