3 0.249512 0.466309 0.010742 0.014160
0 0.365356 0.486572 0.003174 0.003418
0 0.290283 0.478271 0.020508 0.007812
0 0.355469 0.486450 0.004395 0.005615
0 0.334473 0.488892 0.003418 0.004639
0 0.369019 0.485596 0.002686 0.004883
0 0.498901 0.481201 0.015869 0.007324
0 0.451050 0.406860 0.026611 0.034424
0 0.065552 0.398682 0.013916 0.016113
0 0.290527 0.471313 0.020508 0.008057
0 0.289917 0.485840 0.019775 0.008301
0 0.290649 0.464111 0.020264 0.007812
3 0.334839 0.483765 0.003662 0.004150
0 0.368774 0.489746 0.003174 0.003906
0 0.290771 0.456909 0.020508 0.008057
0 0.499023 0.473755 0.016602 0.008545
0 0.368652 0.493286 0.002930 0.002686
1 0.450806 0.428101 0.025146 0.008545
3 0.884644 0.081909 0.021729 0.036865
0 0.291260 0.449829 0.019531 0.009033
3 0.250122 0.452026 0.010986 0.014893
0 0.298706 0.449829 0.003174 0.004639
0 0.504639 0.481201 0.003418 0.004883
