3 0.863159 0.330566 0.022217 0.038574
2 0.718750 0.324341 0.004883 0.006592
2 0.718384 0.335083 0.004639 0.006592
0 0.732910 0.322510 0.039551 0.050781
0 0.570557 0.405029 0.011719 0.011719
0 0.748169 0.420898 0.052490 0.008789
0 0.901855 0.355225 0.016113 0.014648
1 0.862305 0.355835 0.024414 0.013428
2 0.719116 0.311157 0.004639 0.005615
0 0.794800 0.330566 0.081299 0.019043
2 0.761230 0.332886 0.006348 0.008545
0 0.790527 0.298340 0.016113 0.008789
0 0.550049 0.409424 0.005859 0.007812
2 0.243164 0.364014 0.014160 0.031738
0 0.748291 0.430908 0.051758 0.010254
0 0.216187 0.346558 0.051025 0.024658
0 0.796021 0.312622 0.057373 0.024170
0 0.795898 0.346191 0.057129 0.018555
2 0.718384 0.343140 0.004150 0.005615
