0 0.071533 0.868286 0.017578 0.018311
0 0.718872 0.799683 0.012939 0.004150
0 0.269409 0.783081 0.018311 0.005127
0 0.283569 0.793335 0.013428 0.007568
0 0.102051 0.860840 0.008301 0.015137
0 0.102173 0.873291 0.005615 0.005859
0 0.015259 0.857666 0.008057 0.011230
0 0.019287 0.848877 0.007812 0.011230
0 0.814941 0.817261 0.008789 0.011963
0 0.780151 0.819092 0.005127 0.008301
0 0.751709 0.743408 0.010742 0.008301
3 0.752930 0.756470 0.012695 0.018799
0 0.712158 0.788696 0.023926 0.010010
0 0.312134 0.849854 0.006592 0.008789
0 0.473755 0.770874 0.008057 0.010010
