3 0.561157 0.455078 0.007568 0.009766
0 0.653076 0.468262 0.002930 0.001953
0 0.399780 0.509277 0.005127 0.022949
0 0.409424 0.509521 0.004395 0.020508
0 0.404541 0.509766 0.005371 0.021484
0 0.067139 0.453125 0.004395 0.023926
0 0.608765 0.504639 0.002686 0.011230
0 0.566528 0.499756 0.008057 0.016113
0 0.437378 0.497681 0.004150 0.009033
0 0.209351 0.467773 0.001709 0.003906
3 0.209351 0.461914 0.002686 0.007324
0 0.376221 0.238159 0.130859 0.075439
0 0.640991 0.238770 0.127686 0.072754
0 0.508789 0.238159 0.131348 0.076416
0 0.773193 0.238037 0.130859 0.075684
2 0.085449 0.420288 0.015625 0.020264
0 0.608154 0.468628 0.002441 0.006104
0 0.582275 0.472778 0.004883 0.006592
3 0.068359 0.474243 0.005371 0.009521
3 0.608887 0.494751 0.002930 0.009033
0 0.906738 0.238159 0.128906 0.072998
3 0.635376 0.446533 0.010010 0.012695
3 0.757568 0.457886 0.010254 0.013916
3 0.437256 0.490234 0.004883 0.006348
0 0.630493 0.462280 0.010986 0.003662
0 0.652588 0.466309 0.006348 0.001953
