4 0.619995 0.308472 0.035400 0.063721
0 0.323486 0.288818 0.021973 0.015625
0 0.328003 0.344849 0.041748 0.067139
0 0.256836 0.453125 0.014648 0.018066
0 0.355103 0.443970 0.010010 0.017822
0 0.254883 0.431763 0.015137 0.026123
0 0.381470 0.432007 0.009521 0.021240
0 0.392822 0.415283 0.014160 0.014648
1 0.494629 0.389160 0.014160 0.028320
1 0.677002 0.415039 0.019531 0.035156
0 0.606445 0.075684 0.025391 0.036621
0 0.390991 0.395020 0.013428 0.021973
0 0.615723 0.240479 0.035156 0.063477
0 0.043335 0.370972 0.086670 0.339600
0 0.287476 0.352051 0.045654 0.069336
1 0.551758 0.385010 0.016602 0.034180
0 0.612305 0.152344 0.133301 0.151367
0 0.107300 0.461670 0.036377 0.020508
0 0.029175 0.145142 0.058350 0.150146
0 0.323853 0.305786 0.036377 0.022705
