0 0.360718 0.700684 0.014893 0.005371
0 0.511597 0.752563 0.010010 0.005127
3 0.139404 0.674316 0.017578 0.013184
0 0.181274 0.428223 0.096436 0.030762
0 0.356934 0.743408 0.004395 0.014648
0 0.178101 0.716675 0.004639 0.016846
0 0.276733 0.758057 0.002197 0.006836
0 0.267456 0.754028 0.002197 0.005127
0 0.461304 0.739014 0.007080 0.012695
0 0.498779 0.724731 0.007324 0.008057
0 0.498901 0.736694 0.006104 0.014404
0 0.498901 0.746704 0.006104 0.005615
3 0.163330 0.600708 0.049805 0.073486
0 0.138306 0.424194 0.009521 0.015381
