3 0.475464 0.466919 0.010498 0.013428
2 0.495972 0.403809 0.017822 0.008789
0 0.496338 0.359863 0.017578 0.008789
0 0.513184 0.382080 0.008789 0.010254
0 0.462036 0.485352 0.003662 0.005371
2 0.497314 0.381958 0.017578 0.008057
0 0.512939 0.403198 0.013672 0.009033
0 0.562988 0.331665 0.030273 0.030029
0 0.511963 0.443237 0.014648 0.009521
0 0.533691 0.332520 0.025391 0.028320
2 0.766113 0.340332 0.023438 0.032715
0 0.766846 0.378784 0.025391 0.032471
0 0.795532 0.378174 0.025146 0.034668
0 0.510742 0.424316 0.008789 0.009766
0 0.794312 0.339111 0.026611 0.033203
0 0.534180 0.383545 0.107910 0.183105
0 0.780640 0.365601 0.063721 0.100830
0 0.474854 0.479614 0.011719 0.011963
0 0.497070 0.484009 0.025391 0.016846
3 0.363159 0.467285 0.009521 0.011230
3 0.556641 0.355713 0.008301 0.011719
3 0.565918 0.379883 0.011719 0.016602
3 0.541870 0.355957 0.008545 0.011719
3 0.535156 0.380859 0.011719 0.017090
2 0.495728 0.443115 0.010010 0.015625
2 0.495483 0.424438 0.010010 0.016357
3 0.567627 0.432739 0.011719 0.016846
3 0.527222 0.356201 0.008545 0.012207
3 0.535645 0.442505 0.012695 0.016846
4 0.363037 0.454102 0.011230 0.013672
3 0.534912 0.413208 0.012207 0.016357
4 0.475464 0.453735 0.010986 0.013428
0 0.535522 0.461914 0.011963 0.016113
2 0.496094 0.463135 0.010254 0.017578
0 0.362549 0.478638 0.011719 0.011475
