0 0.599487 0.552734 0.021729 0.006348
0 0.047729 0.608521 0.009521 0.006104
0 0.046997 0.601074 0.026123 0.009766
0 0.052490 0.566895 0.015625 0.012695
3 0.587036 0.573486 0.020752 0.022949
3 0.587158 0.596680 0.013672 0.022461
0 0.630493 0.541260 0.004639 0.005859
0 0.669189 0.514038 0.015625 0.041260
0 0.670166 0.553955 0.015625 0.041016
0 0.842529 0.441040 0.043457 0.091553
0 0.030640 0.634644 0.009033 0.014404
0 0.059692 0.634277 0.020264 0.047363
0 0.599976 0.557983 0.008545 0.004150
3 0.059692 0.627808 0.014404 0.030518
