0 0.590698 0.621948 0.017334 0.036865
3 0.270996 0.729736 0.005859 0.008301
0 0.438721 0.689697 0.006836 0.008789
0 0.539307 0.617310 0.013672 0.025146
0 0.439087 0.663940 0.007080 0.012451
0 0.539795 0.667114 0.008301 0.017334
0 0.159912 0.696899 0.005371 0.014893
0 0.027832 0.665894 0.009277 0.005127
0 0.421265 0.704956 0.005615 0.010986
0 0.420410 0.692749 0.005859 0.010498
0 0.446899 0.677734 0.012939 0.003906
0 0.027466 0.672119 0.010010 0.005859
0 0.024902 0.685547 0.007812 0.015137
0 0.025024 0.701050 0.008057 0.014404
