0 0.807983 0.463623 0.012451 0.025391
0 0.463379 0.459595 0.010742 0.011963
0 0.728882 0.424927 0.011475 0.008057
0 0.737549 0.432739 0.019043 0.007080
0 0.326782 0.471436 0.003662 0.005371
0 0.462402 0.476685 0.004883 0.003174
0 0.564575 0.477051 0.004150 0.003906
0 0.566040 0.480713 0.003174 0.003906
0 0.434326 0.460938 0.019531 0.006348
4 0.565308 0.450439 0.010498 0.012207
0 0.564697 0.471924 0.005371 0.006348
0 0.597046 0.506470 0.003174 0.014893
3 0.462769 0.469971 0.007080 0.009766
3 0.565552 0.459839 0.007080 0.009521
0 0.630371 0.509033 0.003418 0.013672
3 0.721558 0.411499 0.014893 0.019287
0 0.565063 0.466553 0.004639 0.003906
