3 0.469727 0.433594 0.011719 0.014648
1 0.523804 0.446411 0.004150 0.004150
0 0.585449 0.418579 0.003418 0.031982
0 0.443604 0.452026 0.014648 0.005615
0 0.523804 0.434937 0.005615 0.003662
0 0.469604 0.444092 0.007080 0.003418
0 0.445679 0.402954 0.016846 0.012939
0 0.543457 0.446289 0.004395 0.021973
1 0.490479 0.453247 0.006836 0.012451
0 0.424316 0.451172 0.021484 0.025879
2 0.490601 0.432617 0.010010 0.014160
3 0.515503 0.429565 0.011475 0.005615
3 0.490601 0.442139 0.009521 0.005859
3 0.543701 0.460449 0.018555 0.008789
3 0.586792 0.442139 0.029541 0.013672
3 0.508301 0.436646 0.010742 0.005615
0 0.523926 0.440552 0.005371 0.006104
