0 0.539307 0.530762 0.018555 0.004395
0 0.505737 0.546753 0.006592 0.008545
0 0.539429 0.535156 0.018311 0.004395
0 0.505249 0.554077 0.007568 0.003662
0 0.539673 0.539917 0.018799 0.004639
0 0.539551 0.544556 0.018555 0.005127
0 0.562256 0.532349 0.017578 0.004639
0 0.328125 0.554077 0.004395 0.005615
0 0.587646 0.564331 0.012695 0.006104
0 0.562988 0.543457 0.019043 0.005371
0 0.376221 0.549194 0.003906 0.004639
0 0.561157 0.538330 0.014893 0.006348
0 0.587769 0.569214 0.013428 0.003662
0 0.609497 0.562622 0.004639 0.008057
