0 0.810669 0.462646 0.027588 0.035645
0 0.542725 0.402466 0.019043 0.010986
0 0.491333 0.419922 0.040283 0.050293
0 0.344971 0.439941 0.027344 0.035156
0 0.499512 0.476074 0.007324 0.013184
4 0.596802 0.482300 0.011475 0.013428
0 0.581909 0.493774 0.006104 0.016846
0 0.534424 0.427124 0.034668 0.036865
0 0.547974 0.482300 0.009033 0.014404
0 0.533569 0.486084 0.005615 0.008301
0 0.525391 0.402100 0.015137 0.011230
0 0.508179 0.471436 0.009033 0.002930
0 0.534790 0.415527 0.005615 0.007324
0 0.508057 0.477539 0.008789 0.009766
0 0.556519 0.494263 0.002197 0.005127
