3 0.536987 0.345093 0.015869 0.019775
3 0.668213 0.287231 0.031250 0.040283
3 0.599487 0.357056 0.017822 0.009033
0 0.671021 0.420044 0.014404 0.026123
3 0.658203 0.339966 0.023926 0.039795
0 0.209717 0.339355 0.038574 0.024902
0 0.570435 0.346191 0.047119 0.019531
3 0.651245 0.313354 0.025146 0.014404
0 0.178101 0.308350 0.029541 0.039551
3 0.285889 0.354004 0.010254 0.023926
3 0.268433 0.248657 0.016357 0.041260
0 0.668823 0.396851 0.009033 0.018799
0 0.152222 0.439331 0.010986 0.024658
0 0.667603 0.375366 0.009033 0.026123
