4 0.861206 0.602661 0.012939 0.017822
2 0.526733 0.563721 0.006592 0.012695
3 0.395508 0.572998 0.007812 0.014160
0 0.428345 0.567749 0.006104 0.010986
0 0.343384 0.571289 0.006104 0.010254
0 0.610962 0.572998 0.006592 0.011230
0 0.436890 0.583496 0.002197 0.004883
3 0.591309 0.580322 0.007324 0.012207
0 0.465210 0.583008 0.002686 0.005859
0 0.856079 0.570435 0.017334 0.007568
0 0.494751 0.581787 0.002686 0.004883
0 0.590942 0.591187 0.006592 0.008545
0 0.860840 0.613525 0.009766 0.006836
0 0.526489 0.583496 0.002686 0.004883
