0 0.847778 0.475342 0.050537 0.062500
2 0.911011 0.496460 0.014404 0.043701
2 0.915649 0.538818 0.018799 0.044922
0 0.293091 0.533447 0.057861 0.014648
0 0.850952 0.515137 0.050049 0.022949
3 0.416504 0.648071 0.005371 0.007080
3 0.432251 0.634277 0.003662 0.004883
0 0.540283 0.603760 0.021973 0.020508
3 0.579346 0.560303 0.020020 0.024902
3 0.580811 0.585815 0.019531 0.026123
0 0.948853 0.541260 0.021240 0.052246
0 0.944702 0.510010 0.018799 0.023438
3 0.941040 0.481812 0.021240 0.050049
0 0.374268 0.638794 0.003906 0.005127
0 0.293091 0.547363 0.056885 0.010254
