0 0.334717 0.729736 0.007812 0.014160
0 0.251465 0.720093 0.017090 0.023193
0 0.410278 0.599609 0.095947 0.060059
0 0.318848 0.598633 0.086914 0.072754
2 0.432739 0.590088 0.010986 0.014160
0 0.381714 0.713013 0.010986 0.009521
2 0.338623 0.589233 0.013672 0.016846
0 0.487915 0.594482 0.064697 0.058594
0 0.251099 0.735840 0.016357 0.008301
0 0.390991 0.713989 0.005615 0.007568
0 0.426025 0.711426 0.005859 0.007812
0 0.334717 0.741943 0.008301 0.011230
0 0.282104 0.754639 0.013916 0.008301
0 0.669800 0.742065 0.010010 0.014893
0 0.402466 0.743164 0.004639 0.007324
0 0.839600 0.719971 0.008301 0.011719
0 0.554688 0.701782 0.006348 0.007568
0 0.468384 0.708618 0.006104 0.008057
0 0.371948 0.729736 0.005615 0.007812
