0 0.692749 0.609741 0.007080 0.008545
0 0.596558 0.643188 0.004639 0.007080
0 0.052002 0.554565 0.013184 0.013428
0 0.231445 0.624023 0.007324 0.006836
1 0.772461 0.608887 0.018066 0.012207
3 0.109985 0.606689 0.009033 0.018555
0 0.039795 0.539673 0.015625 0.011475
0 0.107422 0.623291 0.004883 0.015137
0 0.629150 0.654053 0.007324 0.014648
3 0.772217 0.585083 0.027344 0.035400
3 0.611328 0.588379 0.026855 0.031738
3 0.610718 0.617554 0.019287 0.026123
0 0.597290 0.627686 0.017334 0.006348
0 0.039795 0.529663 0.014160 0.012939
0 0.217896 0.612061 0.010010 0.013184
3 0.438477 0.654175 0.039062 0.052490
0 0.643311 0.651123 0.011230 0.007324
