4 0.850708 0.512939 0.042236 0.051758
0 0.071777 0.496582 0.006348 0.011719
0 0.243286 0.539551 0.004150 0.005859
0 0.343262 0.553833 0.007324 0.005127
0 0.597778 0.552856 0.011963 0.018311
3 0.536865 0.562988 0.010254 0.014160
0 0.577026 0.554810 0.019775 0.021729
0 0.051880 0.492920 0.027588 0.020020
0 0.280029 0.571899 0.011719 0.020264
3 0.280396 0.583496 0.009521 0.007812
3 0.661621 0.550903 0.011719 0.004639
0 0.382690 0.529541 0.023193 0.005859
4 0.216553 0.565063 0.031738 0.040771
0 0.474243 0.419922 0.014404 0.020996
0 0.076050 0.493408 0.024658 0.019531
0 0.377808 0.436401 0.094482 0.068115
0 0.264771 0.566650 0.025146 0.017090
2 0.661865 0.540283 0.011719 0.017578
0 0.579590 0.426880 0.076172 0.065674
0 0.487305 0.430664 0.091797 0.068848
0 0.265381 0.557129 0.007812 0.005859
0 0.273926 0.579346 0.006348 0.013184
