3 0.493408 0.241455 0.023438 0.030273
0 0.720947 0.452271 0.012695 0.010010
3 0.600220 0.278442 0.013428 0.031982
3 0.367065 0.294067 0.014893 0.035889
0 0.669312 0.488403 0.002197 0.002686
0 0.671143 0.498779 0.001953 0.007324
0 0.669067 0.491943 0.002197 0.003906
0 0.671387 0.492676 0.001953 0.004395
0 0.671753 0.488647 0.001709 0.002197
0 0.670776 0.503662 0.001709 0.001953
0 0.668701 0.498535 0.001953 0.003418
0 0.668335 0.502197 0.002197 0.003418
3 0.504272 0.484619 0.006104 0.012695
3 0.415649 0.481079 0.004639 0.010010
0 0.668823 0.495239 0.002197 0.002197
