3 0.616577 0.634644 0.019775 0.026611
2 0.585449 0.667480 0.007324 0.014160
0 0.619019 0.684204 0.018799 0.068604
0 0.784180 0.672119 0.005859 0.003906
0 0.784180 0.668701 0.005859 0.004395
3 0.832153 0.666138 0.007568 0.009033
3 0.783936 0.663208 0.006348 0.007568
0 0.832642 0.677002 0.007080 0.004395
2 0.521973 0.629639 0.011230 0.018555
2 0.891479 0.637695 0.015869 0.026367
0 0.801636 0.650513 0.011475 0.013916
2 0.968750 0.483643 0.033203 0.040527
3 0.831665 0.656982 0.007080 0.009277
2 0.627930 0.588623 0.022461 0.030273
2 0.213013 0.588745 0.017334 0.027588
2 0.409546 0.640625 0.025146 0.033691
3 0.392578 0.633911 0.017578 0.024658
0 0.832642 0.671997 0.007568 0.005127
0 0.547974 0.666260 0.008057 0.010742
