3 0.796875 0.626831 0.007324 0.007568
0 0.338867 0.663696 0.003906 0.013916
0 0.314453 0.665283 0.003906 0.018066
0 0.768921 0.645996 0.005615 0.006836
0 0.292847 0.666138 0.004639 0.017822
0 0.255493 0.668213 0.005615 0.021973
0 0.391602 0.660767 0.002930 0.010010
0 0.382446 0.661011 0.003174 0.010986
0 0.369263 0.661743 0.003174 0.010986
0 0.354248 0.662598 0.003906 0.012207
0 0.073975 0.141602 0.071289 0.041504
3 0.636963 0.647949 0.005371 0.013184
0 0.797241 0.633179 0.006592 0.004639
3 0.625366 0.644043 0.004639 0.017578
0 0.687988 0.637573 0.013184 0.013916
0 0.938599 0.217407 0.122314 0.087158
0 0.574463 0.603271 0.028809 0.017578
0 0.938232 0.111084 0.123047 0.105957
0 0.072144 0.214478 0.144287 0.108154
0 0.924561 0.216064 0.060547 0.069824
3 0.617310 0.643799 0.009521 0.015625
3 0.598267 0.645142 0.011963 0.014404
2 0.691284 0.639771 0.012451 0.018799
3 0.713989 0.640625 0.020264 0.025879
0 0.130249 0.680176 0.008057 0.030762
0 0.203491 0.672974 0.007080 0.025635
