3 0.467285 0.442383 0.012695 0.017090
1 0.400757 0.539429 0.005615 0.013428
0 0.444580 0.492310 0.010254 0.012939
1 0.343262 0.545288 0.007812 0.019775
1 0.195068 0.550049 0.019043 0.042969
0 0.431274 0.499512 0.008545 0.011719
1 0.435547 0.540527 0.005371 0.010254
1 0.461304 0.536743 0.004150 0.008545
0 0.482178 0.537354 0.003418 0.006348
0 0.543213 0.531982 0.001953 0.005859
0 0.550537 0.513550 0.002930 0.004150
0 0.522461 0.534302 0.001953 0.005127
0 0.658203 0.495972 0.007324 0.005127
0 0.500610 0.535645 0.002686 0.005859
0 0.610474 0.511719 0.002686 0.003418
