0 0.538818 0.518921 0.023926 0.008545
3 0.698364 0.527832 0.006592 0.010742
0 0.698730 0.528809 0.011230 0.017578
4 0.698730 0.490723 0.044434 0.057617
1 0.617798 0.557983 0.011475 0.016357
4 0.616943 0.536377 0.021484 0.027832
3 0.577026 0.564209 0.012451 0.021973
0 0.570923 0.569702 0.002197 0.007080
3 0.565430 0.566406 0.010742 0.006836
3 0.556641 0.561523 0.009766 0.005371
0 0.556396 0.569092 0.002441 0.009766
0 0.544434 0.562866 0.006836 0.006592
0 0.543945 0.553955 0.008789 0.010742
0 0.539673 0.564087 0.002197 0.004150
0 0.519287 0.553711 0.002441 0.003906
0 0.519775 0.549805 0.003418 0.003906
0 0.503540 0.558105 0.004150 0.004883
0 0.412354 0.561890 0.011719 0.004639
0 0.498779 0.540894 0.002930 0.005615
0 0.488647 0.563354 0.002197 0.004639
