0 0.652100 0.371582 0.018555 0.016113
0 0.205200 0.445923 0.034912 0.024170
0 0.211426 0.430786 0.014648 0.010498
0 0.204224 0.480347 0.034912 0.014404
0 0.204834 0.465820 0.034180 0.016602
0 0.203125 0.525513 0.033691 0.015381
0 0.203613 0.495483 0.034180 0.015869
0 0.203125 0.510498 0.034668 0.015137
0 0.641968 0.426147 0.058350 0.032959
0 0.641479 0.398682 0.057861 0.044434
1 0.207642 0.568115 0.012939 0.009766
0 0.208130 0.548584 0.013428 0.029297
0 0.640747 0.448608 0.060791 0.030518
0 0.642578 0.470947 0.058105 0.027344
0 0.642578 0.495117 0.058594 0.029297
