0 0.075195 0.403320 0.015625 0.015137
0 0.896240 0.667236 0.011230 0.031250
0 0.760986 0.666016 0.006348 0.011719
0 0.760010 0.652588 0.013184 0.017578
0 0.747314 0.663452 0.006348 0.018311
0 0.689209 0.658813 0.014160 0.018311
3 0.851562 0.496338 0.024414 0.041016
0 0.595215 0.633057 0.002930 0.005859
0 0.591553 0.632812 0.003418 0.005371
0 0.580322 0.632568 0.002441 0.005859
0 0.538330 0.631226 0.004395 0.008545
0 0.595215 0.637695 0.002930 0.001953
0 0.005371 0.324463 0.010742 0.052734
0 0.739258 0.434937 0.021484 0.010498
0 0.739502 0.447998 0.062012 0.031250
0 0.070312 0.418335 0.051758 0.046143
0 0.446289 0.630859 0.006836 0.009277
4 0.478760 0.629272 0.012207 0.016357
