0 0.801147 0.789307 0.019775 0.038574
0 0.221924 0.791138 0.003906 0.005127
0 0.305664 0.819946 0.001953 0.003662
0 0.364990 0.807861 0.018066 0.013184
0 0.319336 0.816040 0.003906 0.008545
1 0.316162 0.828003 0.002441 0.008545
0 0.134888 0.813599 0.003662 0.012451
0 0.135132 0.804443 0.003662 0.004883
0 0.780273 0.833008 0.007324 0.005859
0 0.836304 0.756958 0.025146 0.010986
0 0.796509 0.814087 0.027588 0.024658
4 0.608154 0.788330 0.019043 0.026367
0 0.402588 0.814331 0.027832 0.017822
1 0.710693 0.844360 0.004395 0.008545
4 0.519897 0.789673 0.022705 0.039795
4 0.890869 0.808472 0.021973 0.030518
0 0.231934 0.792969 0.029785 0.011230
0 0.280518 0.792480 0.025879 0.013184
1 0.618164 0.833862 0.005371 0.010010
0 0.469604 0.799683 0.075439 0.036865
1 0.767090 0.842163 0.004395 0.007080
1 0.560059 0.829834 0.007324 0.012695
1 0.659302 0.834229 0.005615 0.008789
3 0.834961 0.725464 0.028320 0.052002
0 0.498169 0.775391 0.018311 0.009766
0 0.899414 0.844116 0.009766 0.006592
