0 0.625244 0.393799 0.030273 0.040039
0 0.530518 0.427979 0.021973 0.028809
0 0.625977 0.360352 0.025879 0.025879
0 0.615112 0.871582 0.028564 0.027344
0 0.803589 0.409790 0.011475 0.020752
0 0.517212 0.460571 0.009521 0.010986
0 0.516724 0.442139 0.008545 0.005371
0 0.517090 0.452759 0.007812 0.005615
0 0.517334 0.469238 0.007324 0.006836
0 0.496948 0.475464 0.004150 0.006104
0 0.516968 0.447266 0.008057 0.005371
0 0.496704 0.480347 0.003662 0.004150
0 0.491455 0.478882 0.007812 0.014893
0 0.496948 0.471191 0.004150 0.003418
