3 0.227051 0.526611 0.016602 0.025879
0 0.566895 0.510864 0.041016 0.013428
0 0.283447 0.507935 0.003906 0.005615
0 0.382324 0.495117 0.005371 0.008301
3 0.490234 0.495483 0.012695 0.018799
0 0.489624 0.508789 0.008545 0.007324
0 0.326782 0.508667 0.003174 0.006104
0 0.329590 0.507812 0.003418 0.006348
0 0.218384 0.507568 0.002686 0.004395
0 0.217041 0.513550 0.003418 0.005127
0 0.269287 0.504639 0.005371 0.007812
3 0.229858 0.484985 0.013916 0.022217
3 0.228760 0.504761 0.013672 0.018311
3 0.241821 0.504028 0.007568 0.011963
0 0.245117 0.490845 0.007324 0.011475
0 0.566895 0.489014 0.043457 0.028320
3 0.269287 0.518433 0.007324 0.009521
4 0.568115 0.459595 0.020996 0.030029
3 0.389404 0.506958 0.007324 0.011475
3 0.490723 0.475708 0.012695 0.020752
