0 0.286133 0.317017 0.030762 0.055420
0 0.248535 0.338135 0.024902 0.035645
0 0.353638 0.336060 0.011475 0.015381
3 0.249390 0.311401 0.021240 0.019775
0 0.287964 0.353638 0.025635 0.031006
0 0.423706 0.314209 0.042725 0.011230
0 0.425293 0.306152 0.029297 0.007812
0 0.449585 0.366333 0.012451 0.013428
0 0.423584 0.325928 0.042969 0.012207
1 0.258179 0.374268 0.011475 0.007324
0 0.586670 0.323975 0.016602 0.023926
0 0.937012 0.319946 0.012695 0.009033
0 0.886230 0.345581 0.009766 0.012939
0 0.887207 0.332153 0.007812 0.013916
0 0.937500 0.328491 0.014160 0.010498
