3 0.695312 0.531982 0.005371 0.012695
3 0.454590 0.541992 0.010254 0.019531
4 0.766235 0.409668 0.040771 0.074219
1 0.768921 0.458496 0.024170 0.022949
0 0.454956 0.558472 0.014893 0.063232
0 0.455078 0.566528 0.018066 0.110596
0 0.193726 0.506714 0.009521 0.061768
0 0.763550 0.500366 0.009521 0.032959
0 0.689209 0.515747 0.009766 0.023682
0 0.695435 0.551758 0.002686 0.008301
0 0.699707 0.552490 0.005371 0.005371
0 0.902100 0.533691 0.017578 0.013184
0 0.696045 0.543579 0.004883 0.010498
0 0.052002 0.420288 0.015625 0.027588
0 0.018066 0.445068 0.017578 0.032715
