0 0.492432 0.473999 0.012695 0.022705
0 0.510254 0.534058 0.010254 0.010986
0 0.359741 0.458008 0.012939 0.023438
0 0.510864 0.467163 0.042236 0.048096
0 0.548340 0.471802 0.035156 0.045654
0 0.583252 0.447388 0.034180 0.019775
0 0.582031 0.475586 0.034180 0.045410
2 0.571533 0.443115 0.005859 0.005371
2 0.494629 0.538452 0.004395 0.008057
0 0.495361 0.532349 0.009766 0.010986
0 0.482056 0.530396 0.010010 0.010498
0 0.561035 0.531006 0.004883 0.008301
0 0.559326 0.537842 0.005859 0.006836
0 0.604492 0.478149 0.015137 0.042725
0 0.494995 0.531006 0.003662 0.004883
0 0.448120 0.507446 0.016357 0.007568
