0 0.550903 0.449707 0.030518 0.018555
0 0.625244 0.557861 0.006836 0.017578
0 0.108643 0.538696 0.007324 0.017334
0 0.213623 0.542603 0.003906 0.009521
0 0.195557 0.533203 0.004883 0.006836
0 0.406128 0.521973 0.012451 0.014160
0 0.393677 0.520020 0.009521 0.013184
0 0.406616 0.510742 0.011475 0.008301
0 0.550903 0.430664 0.031006 0.021484
0 0.393677 0.510498 0.011475 0.008301
0 0.591675 0.508911 0.029053 0.032959
0 0.592773 0.452515 0.028809 0.022217
0 0.593506 0.433350 0.028320 0.023438
0 0.250854 0.533569 0.004639 0.006104
3 0.551392 0.505981 0.029541 0.028564
0 0.592407 0.477173 0.030029 0.035889
0 0.175781 0.531372 0.005859 0.007080
0 0.551270 0.475708 0.031738 0.033447
0 0.580688 0.545654 0.005615 0.015625
0 0.465332 0.550171 0.003418 0.008545
