3 0.442505 0.436890 0.011475 0.022217
0 0.430298 0.514648 0.010986 0.006348
0 0.425415 0.498779 0.011475 0.014648
2 0.124146 0.107300 0.051514 0.069092
3 0.219849 0.486816 0.006592 0.017578
0 0.201782 0.493408 0.018311 0.031250
1 0.443604 0.454102 0.010742 0.012695
1 0.409058 0.494873 0.007568 0.005859
0 0.130981 0.034302 0.261963 0.068604
2 0.267822 0.501953 0.010254 0.012207
2 0.425293 0.496094 0.005371 0.007812
0 0.268433 0.511353 0.010010 0.008057
2 0.129639 0.498047 0.018555 0.023926
3 0.408691 0.486206 0.007812 0.010498
2 0.332642 0.490112 0.018311 0.025146
2 0.203857 0.496582 0.006836 0.011719
0 0.219971 0.500854 0.007812 0.010986
3 0.326172 0.532227 0.006836 0.004883
