0 0.742798 0.506104 0.017334 0.036133
0 0.570557 0.336426 0.029297 0.013184
0 0.645142 0.344971 0.030029 0.012207
0 0.517212 0.359131 0.025635 0.012695
0 0.559692 0.410767 0.053467 0.019775
0 0.581055 0.457520 0.006836 0.003906
0 0.599609 0.492310 0.004883 0.004639
0 0.644043 0.469604 0.006836 0.007080
1 0.693604 0.527222 0.002441 0.006592
1 0.660767 0.527222 0.003174 0.007568
0 0.770752 0.536377 0.006348 0.020508
0 0.578247 0.468506 0.012939 0.018555
0 0.628540 0.380737 0.063721 0.059326
0 0.505737 0.382812 0.049072 0.035645
0 0.559326 0.372070 0.053711 0.060547
0 0.579834 0.489746 0.014648 0.021484
0 0.613770 0.366333 0.013672 0.018311
0 0.551147 0.358032 0.013428 0.017822
