0 0.242554 0.499878 0.015381 0.018311
0 0.469238 0.502197 0.014160 0.018555
0 0.673340 0.474243 0.016113 0.026123
0 0.900879 0.597168 0.073242 0.065430
3 0.622314 0.465210 0.015625 0.029053
0 0.241577 0.474609 0.015381 0.024902
2 0.673828 0.445801 0.015137 0.031738
0 0.791626 0.369629 0.024170 0.064453
3 0.796265 0.293701 0.023682 0.087402
3 0.468750 0.476440 0.008789 0.014893
0 0.622314 0.468994 0.025879 0.047363
2 0.500610 0.502563 0.008545 0.018799
3 0.241699 0.471680 0.010254 0.016602
0 0.468872 0.478516 0.013428 0.023926
0 0.501343 0.518433 0.009521 0.015381
0 0.897705 0.363281 0.042480 0.016113
