4 0.557983 0.406738 0.010986 0.014648
2 0.952026 0.378418 0.005615 0.010254
2 0.218872 0.406616 0.004150 0.011963
2 0.571533 0.423462 0.007324 0.008545
2 0.388672 0.425171 0.006836 0.009033
2 0.805664 0.421875 0.005859 0.007812
2 0.589844 0.422852 0.004395 0.005859
0 0.589722 0.429810 0.004639 0.007080
0 0.736206 0.448242 0.003662 0.018555
0 0.736084 0.452026 0.003906 0.028076
0 0.218384 0.428345 0.003662 0.007080
0 0.951660 0.390015 0.005371 0.011475
0 0.218384 0.418823 0.003662 0.012451
0 0.951538 0.398071 0.006104 0.005127
