1 0.704956 0.516235 0.016357 0.021729
4 0.809326 0.498047 0.042480 0.044922
0 0.525635 0.418701 0.067383 0.043457
3 0.707031 0.485962 0.030762 0.039795
3 0.560303 0.512695 0.013184 0.017578
0 0.387817 0.401855 0.080322 0.072266
0 0.378784 0.360718 0.015869 0.009521
1 0.809937 0.529541 0.039307 0.017090
0 0.466064 0.419800 0.052246 0.034424
0 0.388550 0.351685 0.011963 0.009521
0 0.526245 0.382202 0.067139 0.031006
0 0.466919 0.399414 0.012451 0.010742
3 0.431763 0.515503 0.006104 0.009521
0 0.425171 0.526611 0.007568 0.007324
0 0.396606 0.527954 0.008057 0.006592
0 0.397217 0.362061 0.014648 0.007812
0 0.509399 0.522095 0.006104 0.008545
1 0.499512 0.530396 0.012207 0.006104
0 0.414307 0.515991 0.008301 0.010986
