0 0.539673 0.603149 0.003174 0.004639
0 0.729858 0.585327 0.027588 0.016357
3 0.727051 0.487305 0.033203 0.037598
4 0.768311 0.571655 0.029785 0.039795
1 0.767822 0.601074 0.026855 0.020996
0 0.626221 0.564941 0.014648 0.018066
3 0.624023 0.546997 0.014648 0.017334
0 0.555908 0.595581 0.004395 0.006592
0 0.184082 0.624634 0.006836 0.026123
3 0.367065 0.582764 0.010986 0.015137
3 0.277954 0.480591 0.033936 0.040283
3 0.244019 0.562988 0.005615 0.017090
0 0.245239 0.545532 0.004150 0.015869
0 0.149658 0.590454 0.006836 0.014404
0 0.150513 0.573364 0.008545 0.013428
0 0.507202 0.605469 0.003174 0.004883
0 0.571899 0.589966 0.007568 0.016357
0 0.321411 0.555542 0.006592 0.017334
0 0.241821 0.626099 0.003662 0.024658
