3 0.058105 0.609375 0.008301 0.018555
3 0.050903 0.437134 0.007080 0.021240
0 0.006714 0.448120 0.007568 0.021240
3 0.033936 0.697388 0.010742 0.019287
0 0.829224 0.542358 0.034424 0.073975
4 0.034546 0.609863 0.009521 0.014160
0 0.101440 0.708008 0.007568 0.016602
0 0.848145 0.588135 0.008789 0.011230
0 0.079224 0.610352 0.008545 0.014648
3 0.023438 0.660156 0.010254 0.020020
0 0.055176 0.651611 0.009277 0.018066
0 0.079224 0.666382 0.010010 0.015381
2 0.100464 0.640747 0.008545 0.016846
3 0.118042 0.618896 0.009033 0.016602
2 0.119385 0.676147 0.007812 0.014404
3 0.077637 0.730835 0.011230 0.020264
3 0.056885 0.696045 0.010742 0.020508
2 0.828125 0.522705 0.015625 0.024902
3 0.117798 0.737183 0.007568 0.016357
