0 0.852905 0.437012 0.043213 0.022461
1 0.156494 0.511841 0.022461 0.035889
0 0.189453 0.570435 0.007812 0.031982
0 0.198364 0.545288 0.007080 0.032959
3 0.249146 0.561646 0.008545 0.029053
0 0.240723 0.542725 0.019531 0.007812
3 0.159302 0.473267 0.019287 0.045166
0 0.187500 0.500854 0.034180 0.012939
0 0.557251 0.584595 0.014893 0.006592
0 0.615479 0.460693 0.033691 0.057617
3 0.666016 0.556763 0.009277 0.037842
3 0.828491 0.482544 0.035400 0.056885
0 0.848022 0.607666 0.010986 0.016602
3 0.207397 0.522705 0.013428 0.027344
3 0.655762 0.566040 0.011719 0.016846
0 0.842041 0.589966 0.010742 0.018311
3 0.666260 0.592651 0.005371 0.031006
0 0.848145 0.619141 0.009766 0.005859
0 0.247437 0.588013 0.007080 0.021240
0 0.186890 0.489136 0.010498 0.008545
