3 0.361694 0.764771 0.010010 0.012939
3 0.494873 0.707031 0.007812 0.011230
3 0.503174 0.707031 0.007324 0.010742
2 0.161743 0.748413 0.012939 0.017822
3 0.541138 0.718994 0.007568 0.010254
2 0.627441 0.718262 0.020996 0.026855
0 0.490601 0.769165 0.003662 0.005615
3 0.549561 0.718750 0.008789 0.011230
2 0.511841 0.706909 0.008057 0.010498
0 0.526611 0.736572 0.007812 0.010742
0 0.455933 0.765503 0.008057 0.005615
0 0.019287 0.738892 0.014648 0.023193
2 0.080200 0.750977 0.010010 0.016602
0 0.067993 0.731079 0.013428 0.018799
0 0.066528 0.749512 0.013916 0.018555
