0 0.100098 0.615723 0.104980 0.049805
0 0.763550 0.579590 0.003662 0.006348
0 0.749756 0.539307 0.031738 0.024902
0 0.076660 0.606201 0.017090 0.017578
0 0.202515 0.586670 0.013916 0.015625
1 0.703003 0.596069 0.003662 0.008545
0 0.653564 0.586304 0.008301 0.010986
0 0.712280 0.538208 0.010010 0.011475
0 0.135620 0.597534 0.038818 0.067139
1 0.744385 0.592651 0.009766 0.020264
0 0.712524 0.543335 0.031006 0.027588
0 0.561279 0.584229 0.015625 0.010742
0 0.491577 0.605713 0.009521 0.016113
0 0.594116 0.580811 0.031006 0.012695
0 0.776855 0.537231 0.023926 0.027588
0 0.203247 0.603760 0.072998 0.059082
1 0.700439 0.585815 0.004883 0.011475
