3 0.865967 0.355103 0.030762 0.041748
3 0.645386 0.433716 0.011475 0.017334
0 0.291138 0.544922 0.023193 0.116211
0 0.206421 0.495605 0.074463 0.031738
0 0.330688 0.512573 0.009521 0.070557
3 0.156982 0.356812 0.014648 0.044678
0 0.347900 0.390869 0.027344 0.053223
0 0.802490 0.461304 0.006836 0.026123
0 0.771118 0.468018 0.009521 0.022461
0 0.592651 0.487305 0.010986 0.064453
3 0.158203 0.405396 0.016602 0.046631
0 0.538086 0.381836 0.022949 0.050293
0 0.804810 0.432251 0.010498 0.013428
0 0.783936 0.430786 0.010742 0.014893
0 0.759521 0.469482 0.007324 0.020996
0 0.364746 0.472046 0.052246 0.018799
