2 0.453247 0.574707 0.008545 0.011719
4 0.347046 0.582031 0.007568 0.008301
3 0.553345 0.506470 0.020752 0.027100
2 0.355347 0.583496 0.006104 0.007812
3 0.355957 0.572144 0.005859 0.007568
2 0.504150 0.594604 0.007812 0.010498
2 0.406250 0.593018 0.006348 0.008789
0 0.347046 0.587158 0.003662 0.003906
0 0.553833 0.524414 0.012939 0.010254
2 0.553589 0.542969 0.020752 0.027344
0 0.553833 0.561401 0.013428 0.010010
0 0.376221 0.588867 0.006836 0.011719
0 0.354492 0.589233 0.004883 0.003662
0 0.393555 0.590942 0.014160 0.011963
0 0.354492 0.594360 0.004395 0.004639
1 0.553833 0.571411 0.013916 0.009521
