4 0.898438 0.331787 0.015137 0.017090
4 0.897583 0.354736 0.013916 0.016602
0 0.776978 0.264160 0.057861 0.048340
0 0.612915 0.372925 0.004639 0.007080
0 0.945679 0.269287 0.023193 0.050781
0 0.840942 0.265381 0.060791 0.047852
0 0.900269 0.344482 0.022705 0.058594
0 0.683838 0.368408 0.005371 0.019531
0 0.683594 0.367676 0.003418 0.004883
0 0.683838 0.362915 0.004395 0.004639
0 0.683594 0.373169 0.003906 0.006104
0 0.895142 0.398071 0.017334 0.017822
0 0.840942 0.265381 0.060791 0.047852
0 0.683594 0.367676 0.003418 0.004883
0 0.683838 0.362915 0.004395 0.004639
0 0.683838 0.362915 0.004395 0.004639
0 0.683594 0.367676 0.003418 0.004883
0 0.683838 0.362915 0.004395 0.004639
0 0.683594 0.367676 0.003418 0.004883
0 0.895142 0.398071 0.017334 0.017822
