0 0.768921 0.347046 0.023193 0.011963
0 0.186768 0.379028 0.005859 0.005615
0 0.141113 0.369995 0.009277 0.014404
0 0.979858 0.436035 0.039795 0.022949
3 0.239014 0.384888 0.006348 0.010010
0 0.239014 0.394897 0.004883 0.010010
0 0.229736 0.377319 0.006348 0.011475
0 0.229980 0.393066 0.006836 0.020996
3 0.278687 0.372681 0.005127 0.011475
3 0.537354 0.383545 0.009766 0.019043
3 0.537964 0.363770 0.010010 0.019531
4 0.559570 0.357788 0.009277 0.016357
3 0.609863 0.343750 0.009766 0.022461
3 0.559814 0.374023 0.009277 0.015137
4 0.617554 0.366821 0.006592 0.010498
0 0.170044 0.291992 0.043701 0.022949
0 0.185913 0.371094 0.007080 0.010254
0 0.187744 0.386353 0.006836 0.008545
