0 0.478638 0.405151 0.016357 0.028564
0 0.794067 0.285156 0.047119 0.041016
3 0.622803 0.385986 0.017090 0.023438
3 0.478027 0.405151 0.010742 0.013916
3 0.045654 0.342651 0.009766 0.021240
0 0.417114 0.430786 0.005615 0.008545
0 0.792969 0.375000 0.045898 0.025879
0 0.127075 0.255493 0.008545 0.043701
0 0.124878 0.286621 0.006592 0.017578
0 0.045288 0.357300 0.007568 0.007568
0 0.794312 0.331177 0.044678 0.031494
0 0.562866 0.427002 0.006592 0.018066
0 0.793823 0.353638 0.045654 0.029541
0 0.794556 0.310425 0.045166 0.031982
