3 0.800171 0.326050 0.005615 0.017822
0 0.322876 0.321411 0.009033 0.007080
0 0.315430 0.321045 0.007812 0.009766
0 0.433838 0.296631 0.013672 0.023438
0 0.233643 0.324585 0.009766 0.003662
0 0.596924 0.308960 0.006836 0.012451
0 0.452759 0.319336 0.006592 0.012207
0 0.288452 0.336060 0.004639 0.010010
0 0.434082 0.331299 0.006836 0.014160
3 0.425781 0.325806 0.017578 0.024658
0 0.743042 0.311646 0.008057 0.018799
0 0.092773 0.309570 0.009766 0.010742
0 0.265381 0.299316 0.011719 0.003906
0 0.322998 0.331299 0.009766 0.011719
0 0.485352 0.202026 0.016602 0.024170
3 0.053101 0.321289 0.014404 0.018066
0 0.320068 0.270020 0.023926 0.009766
0 0.595337 0.304932 0.002686 0.004395
0 0.110229 0.323975 0.005615 0.013184
