3 0.690796 0.545532 0.010986 0.018311
3 0.914917 0.562988 0.012939 0.020020
2 0.690918 0.573242 0.013184 0.029297
2 0.915405 0.592407 0.015869 0.032471
0 0.938721 0.557373 0.043457 0.052734
0 0.718018 0.589478 0.008789 0.016357
0 0.811035 0.597290 0.008301 0.014404
0 0.937988 0.594971 0.012695 0.023438
0 0.422119 0.582886 0.007812 0.016846
0 0.491699 0.585205 0.005371 0.015625
0 0.772705 0.591309 0.009277 0.015137
0 0.313232 0.550537 0.011230 0.018066
1 0.740112 0.590942 0.009521 0.016846
0 0.356445 0.576294 0.003906 0.007080
0 0.313354 0.548218 0.007080 0.010010
0 0.293091 0.584717 0.004150 0.006836
