0 0.681396 0.380615 0.032715 0.044922
0 0.276978 0.578857 0.005615 0.004395
0 0.279541 0.583008 0.011230 0.003418
0 0.266235 0.581177 0.002686 0.004150
3 0.299683 0.573364 0.005127 0.006592
3 0.305908 0.575317 0.004395 0.006592
0 0.266235 0.585205 0.003174 0.003418
0 0.299683 0.581665 0.005127 0.005615
0 0.442627 0.573486 0.004395 0.008301
0 0.355713 0.570190 0.005371 0.006104
0 0.334229 0.577515 0.009766 0.007568
0 0.363525 0.570068 0.007812 0.008301
0 0.305786 0.581177 0.004639 0.005615
3 0.679810 0.333862 0.042236 0.052002
3 0.395996 0.549927 0.010742 0.011963
3 0.383667 0.577271 0.004639 0.006592
0 0.288452 0.579590 0.004150 0.004395
0 0.384155 0.582153 0.003174 0.003174
0 0.181641 0.591064 0.002930 0.011230
0 0.233032 0.581543 0.008545 0.006836
0 0.063721 0.411499 0.031738 0.037354
3 0.243164 0.575806 0.008789 0.009521
3 0.172607 0.571289 0.008789 0.011230
3 0.094849 0.558960 0.007568 0.019287
3 0.383667 0.569458 0.007080 0.009521
0 0.360107 0.568848 0.014648 0.011719
3 0.222168 0.547729 0.010742 0.011963
3 0.065674 0.368408 0.043457 0.044922
0 0.181763 0.579102 0.002197 0.004395
3 0.129517 0.567261 0.010986 0.012451
1 0.191650 0.594116 0.003418 0.010010
3 0.182007 0.572144 0.004150 0.009033
3 0.226685 0.573486 0.005127 0.005859
0 0.203247 0.577271 0.003662 0.005615
0 0.243164 0.591675 0.004883 0.009033
0 0.226440 0.580444 0.004639 0.006592
0 0.687012 0.563599 0.011230 0.006592
