0 0.403564 0.325684 0.019043 0.018066
0 0.733154 0.438965 0.003906 0.014648
3 0.800659 0.427856 0.011963 0.014893
3 0.733521 0.424316 0.003662 0.013672
3 0.175903 0.436035 0.010498 0.015625
0 0.094849 0.444336 0.009521 0.011230
0 0.687744 0.455566 0.004395 0.005859
3 0.094360 0.430664 0.009521 0.015137
0 0.854980 0.310913 0.166016 0.052002
0 0.174683 0.448242 0.008057 0.008301
0 0.671997 0.461304 0.004150 0.005615
0 0.654175 0.459473 0.004150 0.005859
0 0.671997 0.456787 0.003662 0.005371
0 0.842041 0.155762 0.133301 0.135254
0 0.826416 0.157104 0.046875 0.063232
3 0.317749 0.465454 0.013916 0.020264
2 0.665649 0.453979 0.005127 0.008545
3 0.539185 0.321167 0.020752 0.019775
3 0.474976 0.323730 0.020264 0.018555
3 0.625000 0.409668 0.025879 0.034180
0 0.350342 0.450439 0.009277 0.014648
0 0.579712 0.340820 0.006592 0.015137
