2 0.031372 0.427002 0.010498 0.035156
0 0.037354 0.551147 0.010254 0.034424
0 0.924316 0.527954 0.010254 0.016846
0 0.707764 0.552002 0.010254 0.013184
3 0.923828 0.493408 0.011719 0.017090
0 0.707397 0.535522 0.010010 0.018311
0 0.924316 0.562866 0.011230 0.015381
0 0.036011 0.515747 0.010010 0.035400
1 0.924316 0.577881 0.013184 0.012695
0 0.924683 0.546387 0.010986 0.016113
0 0.992920 0.141479 0.013672 0.101318
0 0.632935 0.416992 0.007568 0.027344
0 0.032715 0.454102 0.012695 0.016113
3 0.033936 0.480591 0.012207 0.032959
0 0.961548 0.248779 0.035400 0.096191
3 0.963623 0.051880 0.037109 0.093994
3 0.962280 0.156250 0.041260 0.103516
3 0.039429 0.605225 0.009521 0.032715
0 0.924561 0.511108 0.011230 0.014404
