3 0.231445 0.509277 0.008301 0.009277
0 0.394653 0.529663 0.003662 0.017822
0 0.254272 0.553467 0.013916 0.053223
0 0.231323 0.515625 0.009033 0.005859
0 0.499756 0.529541 0.000977 0.004883
0 0.490479 0.526855 0.001465 0.006836
0 0.495728 0.525391 0.002686 0.002930
0 0.145386 0.575684 0.023682 0.095703
0 0.466553 0.543335 0.007812 0.031006
0 0.413452 0.528076 0.003174 0.013672
0 0.438354 0.524170 0.002197 0.010254
0 0.453125 0.524902 0.001465 0.006348
0 0.502930 0.529419 0.001953 0.006592
0 0.513794 0.557251 0.010986 0.049561
0 0.518555 0.526123 0.004395 0.002441
0 0.151855 0.516602 0.010742 0.004883
0 0.140381 0.501709 0.006348 0.004883
0 0.329224 0.539307 0.007080 0.028809
0 0.370850 0.531494 0.004395 0.022461
0 0.425903 0.526001 0.003174 0.011475
0 0.433228 0.524414 0.002197 0.009766
0 0.471436 0.529907 0.003418 0.013916
0 0.443481 0.525024 0.002686 0.007568
2 0.243774 0.516357 0.004639 0.007812
3 0.151489 0.509521 0.007080 0.008301
0 0.892822 0.635132 0.044922 0.175537
0 0.518799 0.523438 0.004395 0.002441
