3 0.449341 0.160767 0.015381 0.027100
3 0.794189 0.153198 0.065918 0.103271
2 0.792480 0.240356 0.037109 0.066650
0 0.794922 0.376099 0.048340 0.065674
0 0.777588 0.205933 0.006348 0.009033
0 0.752808 0.073730 0.069580 0.033203
0 0.810425 0.021484 0.029541 0.042969
0 0.710571 0.202515 0.102783 0.043701
0 0.755981 0.192627 0.011475 0.020508
0 0.624634 0.155884 0.007568 0.044678
0 0.791382 0.308228 0.037354 0.065674
2 0.755615 0.212280 0.011230 0.018799
0 0.205078 0.332153 0.018555 0.042236
0 0.800903 0.206909 0.010010 0.014893
0 0.193848 0.387939 0.027832 0.063477
0 0.781616 0.030029 0.020264 0.059570
