0 0.599243 0.545654 0.162354 0.040527
0 0.417725 0.575806 0.017578 0.015869
0 0.414795 0.598633 0.048828 0.030273
3 0.504761 0.600220 0.010010 0.012939
3 0.698364 0.588135 0.011475 0.015137
1 0.393433 0.625244 0.006592 0.015625
1 0.370972 0.629150 0.006104 0.014160
1 0.343994 0.630737 0.006836 0.012451
1 0.318237 0.632568 0.005615 0.010742
2 0.368286 0.601685 0.010010 0.013428
3 0.420898 0.624390 0.014648 0.019775
2 0.582275 0.532593 0.006348 0.006592
2 0.661743 0.536499 0.006592 0.008057
1 0.421021 0.644775 0.014893 0.019043
0 0.368286 0.615356 0.010010 0.012939
0 0.388672 0.597412 0.010254 0.007812
