2 0.624634 0.545776 0.011963 0.019775
0 0.316162 0.534546 0.017578 0.011963
0 0.326660 0.575928 0.013184 0.016113
0 0.565430 0.570557 0.003906 0.002930
3 0.565674 0.565186 0.006348 0.007324
0 0.604248 0.589844 0.005859 0.003906
3 0.604492 0.582153 0.009277 0.011475
0 0.624878 0.562256 0.011963 0.004883
3 0.686157 0.518799 0.016846 0.021973
3 0.693237 0.558838 0.009033 0.013672
0 0.536743 0.568726 0.007080 0.010498
0 0.534546 0.563110 0.003662 0.002686
3 0.646729 0.562012 0.007324 0.009766
0 0.646851 0.571899 0.007568 0.010010
0 0.625610 0.553345 0.011963 0.012451
