3 0.883545 0.541748 0.005371 0.012207
3 0.841309 0.543213 0.005371 0.011719
4 0.927979 0.531006 0.005371 0.010254
0 0.799561 0.525391 0.005859 0.010742
0 0.517334 0.604370 0.003906 0.006592
0 0.503296 0.489746 0.005615 0.030762
0 0.447388 0.557129 0.008545 0.014648
0 0.503784 0.471191 0.002686 0.005859
0 0.447754 0.568848 0.006836 0.009766
0 0.446899 0.545166 0.007568 0.009766
0 0.432983 0.558838 0.010010 0.015137
0 0.433105 0.570923 0.007324 0.009521
0 0.438477 0.578735 0.003418 0.006104
0 0.432861 0.546997 0.007812 0.007568
0 0.952026 0.527954 0.012939 0.009033
