3 0.732544 0.479736 0.010986 0.017090
0 0.394287 0.528320 0.001953 0.004395
0 0.578369 0.470825 0.012695 0.007080
0 0.450684 0.514648 0.003418 0.005371
3 0.419678 0.529053 0.006836 0.012207
0 0.487305 0.499390 0.008301 0.004150
0 0.571289 0.498047 0.014160 0.008301
0 0.576294 0.458862 0.010498 0.007080
0 0.322876 0.528198 0.003662 0.004639
0 0.317993 0.545288 0.004150 0.008057
0 0.571045 0.490356 0.013672 0.008545
0 0.308228 0.534058 0.006592 0.004150
0 0.317627 0.528809 0.003418 0.007812
0 0.470825 0.529053 0.003174 0.015625
1 0.198120 0.610352 0.017334 0.096191
3 0.309692 0.524170 0.006592 0.011719
4 0.323242 0.520752 0.006836 0.012695
3 0.457397 0.506348 0.004150 0.008301
2 0.470703 0.497925 0.006348 0.010986
3 0.778076 0.415771 0.023926 0.039551
3 0.389648 0.521362 0.004395 0.007568
2 0.620850 0.428833 0.033203 0.059326
0 0.317627 0.536865 0.005371 0.008301
0 0.576660 0.465210 0.010254 0.006592
