3 0.776489 0.441162 0.045654 0.078613
1 0.444946 0.542603 0.009033 0.019287
0 0.472168 0.551636 0.003418 0.024658
0 0.492920 0.536011 0.004395 0.018311
0 0.557251 0.515747 0.022705 0.055420
0 0.704224 0.391724 0.010986 0.029053
0 0.447998 0.549683 0.003418 0.022217
1 0.455078 0.544922 0.010742 0.020020
0 0.383301 0.531250 0.006348 0.008789
0 0.534302 0.524780 0.004639 0.014404
0 0.457397 0.551514 0.003662 0.023926
0 0.518066 0.524658 0.007324 0.021484
0 0.708496 0.581299 0.080078 0.129395
1 0.465332 0.545654 0.011719 0.020020
1 0.479614 0.545532 0.011475 0.021240
3 0.490967 0.542236 0.012207 0.024902
4 0.776123 0.359009 0.054688 0.087158
3 0.574951 0.544800 0.014160 0.025635
3 0.612793 0.554932 0.017090 0.030273
3 0.567627 0.516602 0.010254 0.019531
3 0.567017 0.496582 0.013428 0.021484
0 0.835205 0.564575 0.013184 0.036377
0 0.363037 0.526978 0.004883 0.011963
