3 0.567505 0.356689 0.015869 0.027344
3 0.420166 0.456055 0.012695 0.021973
0 0.600342 0.356079 0.045898 0.011963
0 0.938110 0.404663 0.019287 0.037354
3 0.262939 0.492310 0.011719 0.010010
3 0.414307 0.485352 0.005859 0.008301
0 0.955444 0.253540 0.042725 0.035889
0 0.486084 0.474365 0.011719 0.018066
0 0.770386 0.480347 0.003662 0.005615
3 0.397095 0.482788 0.008545 0.011475
3 0.420532 0.476929 0.012939 0.017334
0 0.467896 0.459595 0.005127 0.008545
3 0.015869 0.363281 0.031738 0.062500
0 0.501587 0.458496 0.015869 0.004395
3 0.455811 0.495239 0.004395 0.007080
0 0.595459 0.451050 0.012695 0.015381
0 0.598389 0.478882 0.013184 0.007080
0 0.596924 0.471313 0.013672 0.006592
0 0.595947 0.463135 0.007812 0.006348
0 0.684448 0.483521 0.003662 0.005615
0 0.455444 0.501709 0.004150 0.005371
0 0.065430 0.509399 0.005859 0.010010
0 0.937866 0.366943 0.020264 0.036621
