3 0.414795 0.284058 0.007812 0.015869
0 0.164673 0.335938 0.007080 0.012207
0 0.346680 0.295532 0.004883 0.014893
0 0.082275 0.357056 0.012207 0.012939
0 0.080322 0.344482 0.010742 0.012207
0 0.322632 0.327271 0.004150 0.021240
0 0.077637 0.319214 0.012207 0.012939
0 0.289673 0.324463 0.004639 0.011719
0 0.637939 0.236084 0.015137 0.031250
0 0.078979 0.331543 0.011475 0.013184
0 0.470703 0.291626 0.016602 0.008545
0 0.011475 0.293945 0.022949 0.041016
3 0.766479 0.207520 0.009033 0.016602
3 0.308594 0.319092 0.006836 0.012695
0 0.567749 0.253784 0.012939 0.022217
3 0.766357 0.231079 0.015625 0.031006
0 0.414307 0.272949 0.003906 0.007324
3 0.116577 0.350342 0.005127 0.007812
