4 0.504517 0.531250 0.006592 0.009277
1 0.488525 0.533325 0.004395 0.006592
0 0.549561 0.432617 0.068848 0.049805
3 0.462646 0.542725 0.003906 0.007324
0 0.485718 0.434570 0.043701 0.047852
4 0.582520 0.515503 0.016602 0.021729
0 0.847290 0.252319 0.100342 0.163818
0 0.447754 0.535156 0.004395 0.006836
1 0.303223 0.540649 0.003418 0.005615
0 0.558472 0.533691 0.003662 0.005371
0 0.581055 0.534790 0.003906 0.008545
0 0.618042 0.525146 0.006592 0.009277
0 0.500366 0.528442 0.004150 0.004150
0 0.574829 0.531494 0.003662 0.006348
