3 0.346436 0.699097 0.011230 0.016357
0 0.349609 0.686279 0.003418 0.004883
1 0.329712 0.721069 0.002197 0.004150
0 0.359741 0.722168 0.002197 0.004395
0 0.338745 0.719604 0.002197 0.004150
0 0.342651 0.720215 0.002197 0.005371
0 0.351318 0.720459 0.001953 0.004883
0 0.348633 0.720459 0.001953 0.004395
0 0.364746 0.686279 0.003906 0.005371
0 0.364502 0.677124 0.012695 0.011963
0 0.378784 0.677246 0.013428 0.010742
0 0.379150 0.685181 0.003906 0.005127
0 0.367920 0.706543 0.010254 0.010254
0 0.504395 0.648315 0.019531 0.008057
0 0.339355 0.722534 0.004395 0.008057
0 0.351318 0.677490 0.010742 0.012207
3 0.611450 0.635010 0.013916 0.023438
4 0.252075 0.580444 0.042725 0.071045
0 0.334351 0.720215 0.002197 0.003906
3 0.610840 0.651245 0.015137 0.008545
