3 0.288696 0.592773 0.015381 0.017090
1 0.447266 0.483887 0.045898 0.090332
0 0.175903 0.628296 0.008545 0.010010
2 0.287964 0.608032 0.010986 0.014893
0 0.185303 0.628784 0.006348 0.006592
0 0.154419 0.631348 0.004639 0.006836
0 0.254883 0.649902 0.008789 0.007812
0 0.262451 0.650513 0.008789 0.008545
0 0.261108 0.656250 0.010498 0.007812
0 0.265259 0.626953 0.023193 0.009277
0 0.266235 0.619995 0.023682 0.009521
0 0.266235 0.611084 0.022705 0.010254
0 0.215698 0.655396 0.007568 0.010010
0 0.285156 0.674927 0.013672 0.019287
0 0.259644 0.610962 0.003662 0.004639
