2 0.697998 0.395020 0.016602 0.021973
3 0.521851 0.402710 0.012451 0.016357
0 0.522339 0.370850 0.012451 0.016113
0 0.521484 0.387085 0.011719 0.014893
0 0.522095 0.418701 0.008545 0.007324
0 0.548096 0.393188 0.023926 0.026123
0 0.853760 0.387451 0.031250 0.018555
0 0.961914 0.380493 0.014160 0.008057
0 0.853271 0.399780 0.007812 0.004639
0 0.543579 0.389648 0.009521 0.012207
0 0.362305 0.377686 0.010742 0.013672
0 0.431885 0.409668 0.005859 0.006836
0 0.362793 0.392090 0.010254 0.014160
0 0.458984 0.406494 0.003418 0.003418
0 0.362915 0.406372 0.010986 0.012939
0 0.470337 0.409912 0.002686 0.005859
