4 0.798584 0.294312 0.026855 0.028564
3 0.798828 0.329956 0.029785 0.040283
0 0.472412 0.399780 0.006348 0.008057
3 0.799194 0.257690 0.032959 0.042725
2 0.751465 0.343018 0.019531 0.024902
0 0.749512 0.369263 0.019531 0.023682
0 0.750732 0.385620 0.020020 0.009521
0 0.686035 0.372803 0.006836 0.009277
0 0.686279 0.378784 0.006348 0.008057
0 0.545166 0.382324 0.017578 0.008789
0 0.544800 0.370728 0.008545 0.009033
0 0.546143 0.397583 0.015625 0.009033
0 0.545410 0.389160 0.016602 0.009766
0 0.547241 0.404663 0.015869 0.008057
0 0.537842 0.412109 0.013672 0.034180
