3 0.061768 0.492065 0.016602 0.039795
2 0.025024 0.386597 0.022217 0.078857
0 0.057373 0.580688 0.010254 0.078369
3 0.014771 0.518188 0.020752 0.057861
3 0.081787 0.488892 0.016113 0.051514
0 0.041748 0.470337 0.019531 0.047607
2 0.086670 0.422852 0.019043 0.059082
0 0.048218 0.394165 0.019775 0.059326
0 0.109863 0.597778 0.020508 0.047119
3 0.079956 0.546387 0.017822 0.043457
0 0.037598 0.591919 0.018555 0.050049
3 0.075806 0.596558 0.015381 0.039795
0 0.011230 0.586426 0.022461 0.051758
0 0.037842 0.531006 0.017090 0.055664
3 0.111328 0.526611 0.018555 0.057129
0 0.018433 0.457275 0.018311 0.044922
0 0.606567 0.563965 0.027588 0.053223
0 0.115479 0.456543 0.013672 0.060059
