0 0.373657 0.693359 0.022217 0.007324
0 0.370728 0.674194 0.008057 0.006592
0 0.843628 0.624512 0.011963 0.010254
0 0.719971 0.676514 0.023438 0.008301
0 0.207397 0.725098 0.005615 0.013184
3 0.412231 0.672485 0.007568 0.012451
0 0.328369 0.655640 0.003906 0.012451
0 0.312622 0.650146 0.004150 0.012695
0 0.143311 0.700684 0.013672 0.020508
3 0.510742 0.691772 0.019043 0.026611
4 0.942261 0.678833 0.026123 0.033447
1 0.944702 0.697876 0.013428 0.009521
0 0.800659 0.638794 0.004639 0.016357
3 0.816528 0.633911 0.005127 0.017822
3 0.917114 0.689453 0.020264 0.029297
3 0.820923 0.692383 0.005127 0.007324
0 0.853394 0.690796 0.007080 0.004150
0 0.854248 0.697510 0.008789 0.007812
0 0.855225 0.706177 0.007812 0.008545
0 0.855835 0.713379 0.007080 0.005371
0 0.821289 0.710815 0.012207 0.013916
0 0.819824 0.729370 0.006836 0.004639
0 0.756470 0.717896 0.004150 0.004639
0 0.752930 0.691772 0.003418 0.003662
0 0.747314 0.690552 0.004883 0.007080
0 0.718140 0.692993 0.005615 0.007568
0 0.724609 0.692627 0.004883 0.007812
0 0.672119 0.675659 0.009766 0.012451
0 0.740356 0.712036 0.010498 0.012939
0 0.735229 0.660767 0.010498 0.014893
