3 0.119873 0.750122 0.011230 0.036377
0 0.764526 0.642090 0.035400 0.056641
3 0.762573 0.581055 0.043213 0.066406
0 0.125488 0.745850 0.034180 0.056152
0 0.874146 0.566406 0.072998 0.120605
0 0.313354 0.747925 0.005615 0.022217
0 0.108276 0.698975 0.031982 0.015137
0 0.647827 0.767578 0.010986 0.020508
0 0.611938 0.772339 0.016846 0.014893
0 0.612305 0.791748 0.014160 0.020996
0 0.719360 0.753540 0.007568 0.012939
0 0.607422 0.747803 0.006348 0.009766
0 0.614136 0.747314 0.004639 0.009277
0 0.610596 0.745361 0.016113 0.037109
0 0.118286 0.712769 0.011963 0.012451
