3 0.714355 0.620728 0.011230 0.014893
0 0.750488 0.595581 0.012207 0.014893
0 0.203979 0.580078 0.008545 0.014160
0 0.738403 0.595459 0.011963 0.015137
0 0.218140 0.580322 0.007080 0.013672
0 0.726196 0.594971 0.010498 0.016113
0 0.714600 0.594849 0.009277 0.013916
0 0.189941 0.579834 0.007324 0.012207
0 0.176636 0.587280 0.011963 0.026611
0 0.224121 0.565674 0.004883 0.009766
0 0.232666 0.579956 0.007324 0.014404
0 0.186523 0.566162 0.003906 0.008301
0 0.247925 0.541626 0.006104 0.010498
0 0.178223 0.544556 0.004883 0.010010
