0 0.706909 0.775513 0.029541 0.028564
0 0.801758 0.771362 0.011719 0.012939
0 0.692017 0.779541 0.014893 0.009277
0 0.753418 0.810547 0.005371 0.012207
0 0.614990 0.781006 0.004883 0.005859
0 0.606079 0.781494 0.003662 0.004883
2 0.320435 0.803833 0.010010 0.011475
0 0.693726 0.788208 0.016846 0.011475
0 0.922729 0.783691 0.017334 0.013184
0 0.320435 0.811157 0.011475 0.048096
0 0.611084 0.783569 0.021973 0.018799
0 0.896606 0.783447 0.018799 0.011230
0 0.864502 0.773315 0.037598 0.024658
0 0.724243 0.774536 0.004150 0.005127
0 0.772583 0.772461 0.004150 0.005371
4 0.812988 0.776978 0.008301 0.010498
0 0.370239 0.797974 0.003662 0.005127
0 0.331421 0.802856 0.003174 0.007080
