3 0.422119 0.488403 0.011230 0.015381
0 0.650635 0.595581 0.001953 0.010010
0 0.499268 0.550293 0.001953 0.001953
0 0.546265 0.565186 0.005127 0.002930
0 0.499268 0.547363 0.001953 0.003418
0 0.324829 0.570435 0.003174 0.003174
0 0.499390 0.553223 0.002197 0.002930
0 0.499146 0.542114 0.003174 0.001221
0 0.499390 0.544678 0.002197 0.002441
0 0.520874 0.553955 0.006104 0.007324
0 0.449097 0.553711 0.006592 0.006836
1 0.537231 0.581909 0.002686 0.008545
0 0.532959 0.557861 0.004883 0.010254
3 0.764038 0.596069 0.005127 0.009521
0 0.543335 0.528564 0.030029 0.007324
3 0.936523 0.568237 0.018066 0.021729
0 0.017700 0.494141 0.011475 0.021973
0 0.650757 0.578613 0.001709 0.014648
