3 0.680420 0.703735 0.009277 0.013916
3 0.767456 0.712891 0.011475 0.016113
3 0.582031 0.671875 0.005859 0.007324
3 0.367798 0.710571 0.005615 0.009033
3 0.604126 0.695190 0.005615 0.008057
3 0.366943 0.725830 0.004883 0.007812
3 0.548462 0.712646 0.007568 0.010254
0 0.367065 0.717651 0.005615 0.005127
0 0.311035 0.745605 0.002441 0.011719
0 0.366211 0.746460 0.004395 0.010010
2 0.548096 0.722290 0.006348 0.008545
0 0.581909 0.679688 0.006104 0.007324
0 0.576904 0.750366 0.009277 0.011963
0 0.202759 0.738281 0.025635 0.012207
0 0.593628 0.694702 0.041260 0.015869
0 0.592773 0.675415 0.041992 0.021729
