3 0.160767 0.546875 0.050537 0.064453
3 0.323730 0.622314 0.007324 0.011230
4 0.164185 0.484863 0.053955 0.062012
4 0.961670 0.529907 0.075684 0.090088
0 0.228149 0.590576 0.022705 0.008301
0 0.254150 0.591553 0.015625 0.004395
0 0.249756 0.596313 0.005371 0.005127
1 0.447144 0.643677 0.018311 0.026123
0 0.227173 0.596313 0.006104 0.005127
3 0.324219 0.613037 0.007324 0.008301
0 0.008667 0.582642 0.017334 0.146240
0 0.194336 0.614746 0.006836 0.008789
0 0.275391 0.619507 0.005859 0.008057
1 0.631836 0.651245 0.010742 0.014893
