3 0.537354 0.708862 0.008789 0.011475
3 0.542114 0.692017 0.016846 0.023682
0 0.775879 0.682129 0.007324 0.015137
2 0.774780 0.695679 0.007568 0.011475
0 0.882568 0.680908 0.011719 0.019043
1 0.712646 0.701416 0.008301 0.017578
1 0.659912 0.692505 0.007812 0.021240
1 0.707886 0.733032 0.014893 0.036377
1 0.970581 0.632812 0.028564 0.057129
1 0.943359 0.632690 0.031738 0.055420
0 0.590454 0.730225 0.008545 0.043457
0 0.528809 0.693604 0.004395 0.006348
0 0.563843 0.728638 0.006592 0.034912
0 0.534058 0.725952 0.006104 0.029053
0 0.598755 0.695679 0.008057 0.010498
0 0.768921 0.746826 0.024170 0.090332
0 0.561279 0.727539 0.005371 0.028320
0 0.523926 0.693359 0.004395 0.006836
0 0.680542 0.737671 0.016357 0.067139
0 0.919922 0.766479 0.039062 0.134033
0 0.625244 0.732422 0.011230 0.052246
1 0.683472 0.696411 0.009033 0.017334
