0 0.861572 0.580200 0.034180 0.011963
0 0.850098 0.592529 0.016113 0.014160
0 0.769531 0.591919 0.018555 0.023682
0 0.548706 0.619141 0.037842 0.011719
3 0.042114 0.588257 0.010010 0.025146
0 0.086670 0.592896 0.004395 0.017334
3 0.395508 0.664307 0.007324 0.013184
0 0.800293 0.682617 0.006836 0.012695
0 0.788818 0.659302 0.024414 0.036865
4 0.834473 0.521729 0.054199 0.063477
0 0.839966 0.562866 0.023193 0.018799
0 0.606323 0.619385 0.011475 0.017578
0 0.587769 0.723755 0.004150 0.008545
0 0.798828 0.577393 0.007324 0.026855
