0 0.656494 0.404663 0.004883 0.003662
0 0.588135 0.437378 0.002930 0.002197
0 0.542480 0.454102 0.002930 0.003906
0 0.613770 0.423706 0.003906 0.003662
0 0.597656 0.435425 0.006348 0.005615
0 0.649414 0.426636 0.007812 0.006104
2 0.512573 0.431152 0.017334 0.018066
0 0.587891 0.434814 0.003418 0.003418
0 0.612549 0.434937 0.002930 0.003662
0 0.612549 0.442261 0.004395 0.010498
0 0.613770 0.419312 0.004883 0.006104
0 0.641113 0.425537 0.006348 0.006836
0 0.502930 0.424927 0.009766 0.013428
0 0.811035 0.417725 0.009277 0.011719
0 0.810913 0.433472 0.015381 0.011475
4 0.649536 0.398682 0.007080 0.008789
0 0.898071 0.453369 0.015381 0.020996
0 0.811279 0.376587 0.017090 0.021240
3 0.899414 0.428589 0.017578 0.024170
3 0.656738 0.397461 0.007324 0.009277
3 0.810913 0.355591 0.012939 0.017822
3 0.664062 0.402344 0.007324 0.009277
0 0.619019 0.418579 0.006104 0.007080
0 0.649902 0.405029 0.004883 0.003906
