3 0.767456 0.645996 0.014404 0.017578
0 0.804565 0.628418 0.010010 0.010254
0 0.708496 0.633667 0.004395 0.006104
0 0.681274 0.627563 0.005127 0.010010
0 0.864014 0.640991 0.004883 0.007080
0 0.879028 0.634644 0.010010 0.012451
0 0.804321 0.621338 0.004150 0.004395
0 0.941772 0.642334 0.011963 0.010254
3 0.593262 0.623291 0.006836 0.008301
0 0.819824 0.636841 0.004395 0.006592
0 0.649170 0.625244 0.005859 0.008301
0 0.356079 0.599487 0.012939 0.018799
0 0.055054 0.523804 0.058838 0.074951
4 0.874756 0.606567 0.008789 0.010010
0 0.900757 0.635254 0.013916 0.017090
3 0.731445 0.621826 0.013672 0.016602
3 0.606567 0.608887 0.013916 0.019043
0 0.592773 0.631104 0.005859 0.007324
0 0.875000 0.620117 0.020020 0.019531
