2 0.706055 0.601196 0.010254 0.014893
0 0.774902 0.600098 0.005859 0.006348
0 0.599365 0.639282 0.013672 0.014893
0 0.840332 0.601929 0.048828 0.012939
0 0.839233 0.580933 0.048584 0.013428
0 0.669312 0.603271 0.085693 0.023926
0 0.595459 0.603638 0.021973 0.017334
0 0.449219 0.604004 0.003418 0.008301
0 0.593262 0.585449 0.022949 0.019043
0 0.666138 0.566528 0.085205 0.022705
0 0.597168 0.627441 0.016602 0.007812
0 0.596191 0.617065 0.018555 0.010498
0 0.430542 0.624512 0.004150 0.005371
0 0.453613 0.603882 0.003418 0.008545
0 0.894775 0.592041 0.035156 0.016602
0 0.670776 0.622314 0.084717 0.025879
0 0.661987 0.585571 0.074951 0.022705
0 0.840210 0.612793 0.050049 0.011719
3 0.493896 0.578857 0.017090 0.023438
0 0.431396 0.628906 0.004883 0.003906
0 0.839844 0.591309 0.048828 0.012695
