0 0.082397 0.604370 0.005127 0.010010
0 0.285889 0.220337 0.030762 0.037354
3 0.290894 0.595337 0.005127 0.007080
0 0.295410 0.595947 0.003418 0.004883
0 0.407593 0.563232 0.005615 0.007812
0 0.522949 0.612427 0.004395 0.010498
0 0.589722 0.622559 0.008057 0.009766
0 0.502563 0.605103 0.006592 0.011475
0 0.042603 0.207764 0.043701 0.056641
0 0.286255 0.205566 0.037354 0.075195
0 0.336548 0.205322 0.044678 0.057617
0 0.548096 0.208496 0.029785 0.038086
0 0.547974 0.194824 0.040771 0.076660
3 0.514526 0.195679 0.031494 0.054932
1 0.380127 0.204712 0.037109 0.052979
1 0.250854 0.205933 0.033936 0.054932
0 0.012817 0.206421 0.025635 0.058350
0 0.082886 0.209229 0.040771 0.055664
0 0.565796 0.621094 0.006104 0.010254
0 0.338989 0.603638 0.005127 0.008545
0 0.328735 0.605591 0.006592 0.008545
0 0.110229 0.606201 0.004639 0.006348
0 0.235718 0.602661 0.004639 0.006592
0 0.596191 0.188843 0.043457 0.056396
0 0.216309 0.596069 0.004395 0.007080
