0 0.803955 0.147095 0.082031 0.147217
2 0.403564 0.519409 0.006836 0.009521
0 0.340942 0.485474 0.005127 0.006592
0 0.316528 0.494995 0.021240 0.032471
0 0.316895 0.484375 0.005371 0.006836
0 0.332642 0.484863 0.004639 0.006348
0 0.336792 0.496216 0.019287 0.032959
0 0.252686 0.528931 0.002930 0.012939
0 0.352417 0.485596 0.004639 0.007324
0 0.358154 0.496704 0.023438 0.032959
3 0.416992 0.511597 0.007324 0.010010
3 0.461792 0.498779 0.012939 0.016602
0 0.461914 0.498901 0.020020 0.041260
0 0.416870 0.520020 0.014404 0.028320
3 0.426880 0.504272 0.005127 0.007568
0 0.432739 0.513306 0.023682 0.028564
0 0.236694 0.518799 0.011963 0.020508
0 0.361084 0.485474 0.004883 0.007080
0 0.403320 0.525879 0.006348 0.005859
