0 0.894531 0.451538 0.018555 0.036377
4 0.622681 0.456421 0.012451 0.021729
0 0.760498 0.354004 0.046387 0.070801
4 0.852661 0.451050 0.014404 0.024170
0 0.821411 0.348511 0.065186 0.050049
4 0.742920 0.449951 0.014160 0.024414
0 0.783936 0.465698 0.006348 0.010010
0 0.811401 0.341064 0.013916 0.020996
0 0.749390 0.337646 0.012939 0.021484
0 0.815796 0.452881 0.010010 0.021484
0 0.723633 0.444458 0.009766 0.016357
0 0.797363 0.463501 0.006836 0.010986
0 0.723633 0.432251 0.006836 0.006592
0 0.743164 0.462524 0.006348 0.012939
3 0.723511 0.456543 0.007080 0.008301
0 0.815918 0.451050 0.004883 0.008545
