0 0.567871 0.468140 0.032227 0.077881
3 0.464722 0.510132 0.032471 0.052002
2 0.458740 0.536377 0.017090 0.032227
0 0.506348 0.538330 0.015625 0.055664
0 0.660278 0.494995 0.038330 0.016846
0 0.567261 0.515137 0.030029 0.016602
0 0.609131 0.498413 0.030762 0.017334
0 0.607666 0.546631 0.030762 0.012695
0 0.098877 0.515503 0.019531 0.039795
0 0.608032 0.513916 0.032471 0.015625
0 0.607910 0.529541 0.031250 0.015625
0 0.659546 0.512573 0.038818 0.014893
2 0.257202 0.556274 0.004639 0.020264
0 0.658936 0.528931 0.039062 0.014404
0 0.163330 0.588135 0.008301 0.013672
0 0.658813 0.546631 0.039307 0.013672
