3 0.515381 0.552002 0.019531 0.024902
3 0.515381 0.571899 0.017578 0.016846
3 0.149536 0.595703 0.010010 0.013672
0 0.063843 0.576172 0.050049 0.082031
0 0.158081 0.548950 0.018311 0.009521
0 0.355835 0.596436 0.006104 0.008789
0 0.356812 0.588745 0.007080 0.008057
0 0.140625 0.507812 0.024902 0.010742
0 0.137695 0.536255 0.022949 0.010010
0 0.159546 0.520020 0.016357 0.010742
0 0.159302 0.538452 0.015869 0.010986
0 0.400513 0.597046 0.005127 0.007568
0 0.395996 0.590942 0.007324 0.010010
0 0.139282 0.519897 0.023682 0.011475
