0 0.577271 0.525269 0.032959 0.023682
1 0.408691 0.552979 0.006348 0.006348
0 0.259888 0.534302 0.002686 0.008057
0 0.473267 0.512939 0.005127 0.008301
0 0.398560 0.543457 0.002686 0.006348
1 0.476196 0.542847 0.004150 0.005615
0 0.476440 0.534790 0.004639 0.009033
0 0.344238 0.538818 0.003418 0.003418
0 0.476562 0.526611 0.005371 0.004883
0 0.472900 0.521240 0.004395 0.005859
0 0.469849 0.542725 0.005127 0.006348
0 0.469604 0.534790 0.005615 0.009033
0 0.473022 0.505615 0.005615 0.004883
1 0.342651 0.544678 0.004150 0.006348
3 0.381348 0.511719 0.009766 0.020996
0 0.469238 0.526489 0.004883 0.005127
0 0.454590 0.546631 0.003906 0.006836
