0 0.510864 0.710571 0.043701 0.016846
0 0.632446 0.706177 0.013428 0.012451
0 0.617188 0.706909 0.013672 0.013428
0 0.296753 0.726685 0.007568 0.010986
2 0.524780 0.625000 0.004639 0.006836
0 0.580566 0.713745 0.013184 0.029053
0 0.575928 0.716675 0.006836 0.010010
2 0.520508 0.640381 0.005371 0.006348
0 0.524902 0.615356 0.005371 0.007568
2 0.519897 0.633057 0.005127 0.006348
0 0.518799 0.615723 0.005371 0.006348
2 0.519897 0.625610 0.004639 0.006592
2 0.523804 0.677856 0.005127 0.010010
0 0.508789 0.631836 0.043945 0.051758
2 0.523804 0.665894 0.005127 0.006592
0 0.510498 0.679810 0.043945 0.046631
0 0.538208 0.722778 0.003662 0.007080
0 0.314819 0.734131 0.019287 0.005859
0 0.371338 0.725830 0.001465 0.005371
