3 0.669800 0.540894 0.005615 0.011475
0 0.361694 0.485840 0.026611 0.010254
0 0.614380 0.522583 0.019775 0.008057
0 0.547485 0.555298 0.004150 0.006104
0 0.526123 0.490967 0.005859 0.008301
0 0.551025 0.539307 0.005371 0.005859
0 0.544800 0.541260 0.003662 0.005371
0 0.553955 0.545532 0.006348 0.006104
1 0.349731 0.551392 0.002197 0.006104
0 0.456299 0.539185 0.005371 0.006592
3 0.510010 0.545044 0.002930 0.004150
0 0.553101 0.559326 0.003174 0.004883
0 0.553589 0.551758 0.006592 0.006836
0 0.455811 0.544800 0.002930 0.003662
4 0.547974 0.547729 0.005615 0.007568
