3 0.548584 0.457397 0.010742 0.014893
3 0.506226 0.383423 0.020752 0.028076
0 0.368164 0.403198 0.056152 0.016846
3 0.569092 0.458008 0.011230 0.017578
0 0.604614 0.464111 0.026611 0.008789
0 0.355225 0.486206 0.019531 0.021729
0 0.617554 0.523804 0.005127 0.008545
0 0.618042 0.530640 0.003662 0.006104
0 0.617920 0.543091 0.005371 0.005615
0 0.616455 0.536987 0.004395 0.005615
0 0.347900 0.467773 0.012207 0.018555
0 0.419434 0.528320 0.004883 0.008301
0 0.681030 0.503906 0.009521 0.018555
0 0.774780 0.402344 0.007080 0.024414
0 0.680542 0.484741 0.010010 0.019775
