0 0.209595 0.538818 0.018311 0.023438
3 0.156128 0.543457 0.026123 0.032715
0 0.330566 0.581055 0.019531 0.008789
0 0.329712 0.566895 0.020264 0.015137
0 0.436523 0.570557 0.011230 0.005859
0 0.504395 0.562988 0.009766 0.005371
3 0.503906 0.553101 0.011719 0.013428
0 0.430054 0.553711 0.005615 0.014648
0 0.156982 0.563477 0.015625 0.008301
0 0.444458 0.548096 0.020752 0.024414
0 0.514038 0.538452 0.034424 0.028076
0 0.487305 0.561768 0.003418 0.005859
0 0.475220 0.419312 0.070068 0.098877
0 0.411255 0.423706 0.053955 0.099365
0 0.340820 0.428345 0.047852 0.099365
0 0.402466 0.520386 0.018311 0.027100
0 0.376709 0.521851 0.016113 0.027100
0 0.422729 0.554932 0.004639 0.007324
0 0.475464 0.417236 0.007568 0.011719
