0 0.942017 0.381714 0.009033 0.017822
0 0.927368 0.392456 0.009033 0.028564
0 0.634888 0.357788 0.008545 0.014404
0 0.620239 0.365723 0.007080 0.006348
0 0.616699 0.376099 0.003418 0.006104
4 0.293335 0.130371 0.051025 0.100586
0 0.294189 0.201050 0.009277 0.048584
0 0.455078 0.321777 0.008789 0.017578
0 0.450195 0.317871 0.002930 0.015137
0 0.427612 0.308960 0.005615 0.013428
0 0.429077 0.329712 0.006104 0.014893
0 0.428589 0.342896 0.005127 0.013428
0 0.428467 0.355591 0.005371 0.012939
0 0.496338 0.360352 0.002441 0.006836
0 0.302490 0.204468 0.007812 0.046631
