0 0.504883 0.409668 0.086914 0.081543
0 0.575928 0.547241 0.003418 0.007568
0 0.602051 0.565063 0.006348 0.004150
0 0.602295 0.547852 0.005859 0.004395
0 0.514648 0.512573 0.016113 0.021729
0 0.549072 0.556885 0.005371 0.014648
0 0.576050 0.560791 0.003174 0.006836
0 0.536499 0.514160 0.016846 0.022461
0 0.458618 0.548340 0.005127 0.006348
0 0.500854 0.555908 0.004150 0.005371
0 0.514893 0.525757 0.010742 0.013916
0 0.501831 0.524292 0.007080 0.013916
0 0.378784 0.516113 0.005127 0.014160
0 0.505371 0.525513 0.006836 0.013916
0 0.557861 0.515381 0.017090 0.022949
0 0.481323 0.522705 0.008545 0.014648
0 0.501221 0.543213 0.003418 0.005371
0 0.372681 0.516846 0.006592 0.013672
0 0.483765 0.545166 0.006104 0.008789
0 0.593384 0.468994 0.011475 0.009277
0 0.500977 0.545654 0.002930 0.012207
0 0.593384 0.458862 0.009521 0.010010
3 0.650146 0.412354 0.005859 0.011230
0 0.387817 0.516724 0.007568 0.014404
0 0.420776 0.550415 0.007080 0.008545
1 0.549194 0.539673 0.004639 0.014404
0 0.476074 0.544434 0.008301 0.009766
2 0.601929 0.556763 0.006104 0.012451
0 0.590210 0.559082 0.005127 0.009277
0 0.623413 0.416016 0.071533 0.078125
0 0.602295 0.541870 0.005859 0.006592
0 0.589966 0.567627 0.006104 0.006348
