0 0.418335 0.502319 0.095947 0.081787
0 0.340942 0.639160 0.010986 0.012695
0 0.371826 0.642212 0.006836 0.009033
0 0.455933 0.628296 0.021729 0.018799
0 0.511841 0.510742 0.091553 0.080078
0 0.597900 0.519409 0.079590 0.077881
0 0.392578 0.648438 0.003418 0.003906
0 0.482544 0.627075 0.002686 0.004150
0 0.486572 0.630859 0.019531 0.020020
0 0.453979 0.653076 0.013428 0.010254
0 0.172241 0.634399 0.006592 0.012451
0 0.526489 0.661255 0.009033 0.009521
0 0.375977 0.632812 0.020020 0.043945
0 0.340088 0.639282 0.016602 0.027100
