0 0.262207 0.514771 0.030273 0.016357
3 0.576538 0.474487 0.009033 0.014893
0 0.709839 0.508057 0.013428 0.030273
0 0.577637 0.493164 0.011230 0.023926
3 0.370117 0.492310 0.017578 0.028076
3 0.475098 0.492798 0.005859 0.014893
3 0.363647 0.478271 0.006104 0.012207
3 0.705200 0.527588 0.006592 0.007812
0 0.272949 0.475952 0.043457 0.014404
0 0.277832 0.494629 0.042969 0.023438
2 0.281128 0.447021 0.005615 0.007812
0 0.263184 0.460693 0.029297 0.012695
0 0.369263 0.466797 0.012939 0.026367
0 0.794922 0.485962 0.005859 0.008545
