0 0.040283 0.504028 0.031738 0.017334
3 0.549927 0.462158 0.003662 0.006836
0 0.527466 0.446777 0.003174 0.005371
0 0.568237 0.451172 0.004150 0.006836
0 0.022827 0.485840 0.024658 0.010254
3 0.021484 0.450562 0.034668 0.054443
0 0.662354 0.413574 0.030762 0.014160
0 0.630005 0.408569 0.050537 0.060303
3 0.661865 0.370117 0.034180 0.062012
0 0.417236 0.475952 0.038574 0.021240
0 0.010376 0.506592 0.020752 0.022949
3 0.364746 0.452393 0.022461 0.040039
0 0.609985 0.409668 0.006592 0.011719
0 0.609375 0.390747 0.006348 0.010986
3 0.933594 0.276367 0.034180 0.038086
3 0.933472 0.118042 0.025146 0.036865
0 0.897827 0.205200 0.026123 0.036865
0 0.898438 0.280396 0.030762 0.034912
0 0.877930 0.129517 0.025391 0.035400
3 0.931763 0.200317 0.033447 0.036865
0 0.610352 0.429077 0.006836 0.010498
