3 0.741455 0.396118 0.009277 0.013428
0 0.252808 0.498169 0.006104 0.015381
0 0.247070 0.495117 0.008301 0.017578
0 0.201782 0.498779 0.014893 0.023926
0 0.417236 0.463501 0.002930 0.005615
0 0.266968 0.494385 0.004639 0.011719
0 0.375977 0.412842 0.021484 0.007324
0 0.390869 0.420898 0.007324 0.012695
0 0.284058 0.415527 0.008545 0.012695
0 0.287231 0.485596 0.005615 0.008789
0 0.448242 0.465942 0.003418 0.005615
0 0.463257 0.462402 0.010010 0.016602
0 0.742188 0.277100 0.031738 0.046387
0 0.621216 0.429199 0.010010 0.020020
0 0.144531 0.500366 0.019531 0.032959
3 0.226196 0.442139 0.007568 0.012695
0 0.741577 0.400635 0.012939 0.027344
0 0.760498 0.307983 0.037109 0.025146
0 0.565918 0.141602 0.109375 0.033203
3 0.621338 0.404053 0.009766 0.020508
0 0.760132 0.304443 0.034424 0.018066
