0 0.476807 0.554443 0.010254 0.013672
3 0.377686 0.539307 0.009766 0.016113
0 0.411987 0.537476 0.021240 0.006592
4 0.427124 0.585205 0.011475 0.014648
0 0.463013 0.566650 0.008545 0.007324
3 0.427979 0.592896 0.006348 0.011475
0 0.462402 0.536377 0.009766 0.007324
0 0.462891 0.544434 0.010254 0.006348
0 0.470093 0.584351 0.012451 0.013428
0 0.470215 0.573486 0.010254 0.006348
0 0.476196 0.536377 0.010010 0.006836
1 0.476685 0.566528 0.009033 0.008545
0 0.463013 0.554932 0.010986 0.014160
0 0.476440 0.544312 0.010010 0.006104
