3 0.594727 0.110596 0.070312 0.132812
3 0.164673 0.262573 0.060303 0.099365
3 0.121582 0.396362 0.055664 0.093506
3 0.515991 0.084351 0.072998 0.139404
0 0.387695 0.113281 0.119141 0.226562
0 0.590820 0.199341 0.052734 0.040283
0 0.123413 0.316650 0.039307 0.048340
1 0.516479 0.174561 0.055420 0.045410
3 0.074219 0.681152 0.008301 0.016602
0 0.048706 0.521973 0.008545 0.020508
3 0.056396 0.489624 0.009277 0.043701
0 0.162720 0.348511 0.062744 0.076416
3 0.124268 0.242188 0.053223 0.092773
0 0.209229 0.650269 0.010742 0.018311
0 0.259766 0.624512 0.022461 0.027832
0 0.208984 0.668701 0.009766 0.018066
