0 0.600220 0.516602 0.010498 0.007812
0 0.513184 0.528931 0.005371 0.010010
0 0.471191 0.560547 0.011230 0.040039
0 0.500122 0.555908 0.003662 0.019531
3 0.268555 0.462402 0.022949 0.029297
3 0.622803 0.485107 0.016113 0.021973
0 0.457642 0.558594 0.013916 0.038086
0 0.268921 0.484863 0.011963 0.010254
0 0.506592 0.555542 0.005859 0.021240
0 0.510010 0.557129 0.005859 0.024414
0 0.497314 0.555298 0.004395 0.019775
0 0.622559 0.501221 0.008301 0.008301
0 0.778564 0.460449 0.039551 0.027832
0 0.777710 0.429932 0.037354 0.026855
