0 0.312500 0.607788 0.037598 0.065186
3 0.404907 0.656738 0.009033 0.015625
4 0.451294 0.689575 0.005127 0.008057
4 0.514526 0.697998 0.004639 0.007812
0 0.404663 0.657959 0.016357 0.051270
3 0.546509 0.687134 0.006592 0.011475
4 0.638428 0.713867 0.004883 0.008301
4 0.609497 0.500854 0.015381 0.027100
0 0.461304 0.694824 0.002686 0.005371
4 0.444702 0.693848 0.005127 0.008789
0 0.597046 0.501465 0.046631 0.042969
0 0.461182 0.699951 0.003906 0.004395
0 0.469604 0.700562 0.004639 0.011475
0 0.489990 0.685181 0.005371 0.005127
0 0.835449 0.663818 0.032715 0.055664
0 0.604492 0.716675 0.002930 0.005127
0 0.557129 0.711670 0.002930 0.005371
