3 0.967407 0.499268 0.002197 0.003418
0 0.967041 0.483887 0.003418 0.004883
0 0.004395 0.481079 0.002930 0.003662
0 0.990234 0.483276 0.001465 0.004150
0 0.997192 0.481934 0.001709 0.003906
0 0.026245 0.493652 0.002197 0.009766
0 0.967041 0.479980 0.002441 0.002441
0 0.967163 0.493896 0.002197 0.006836
0 0.520142 0.494263 0.003174 0.005615
0 0.971069 0.499268 0.002686 0.002930
0 0.967285 0.488037 0.002441 0.002930
0 0.918823 0.484619 0.003662 0.004883
0 0.468262 0.491089 0.003418 0.005615
0 0.952881 0.490356 0.001465 0.003662
0 0.971069 0.491211 0.002686 0.001953
0 0.971069 0.494629 0.002686 0.004395
