4 0.769775 0.535645 0.055664 0.070312
3 0.308594 0.647705 0.005859 0.009277
0 0.436035 0.628540 0.008301 0.010498
2 0.014282 0.641724 0.014404 0.017822
3 0.437012 0.617554 0.008789 0.011475
0 0.340698 0.638794 0.005615 0.008057
0 0.016724 0.626587 0.013428 0.011475
0 0.335327 0.624878 0.011475 0.005615
0 0.301880 0.625244 0.005127 0.009277
0 0.348877 0.623535 0.012695 0.006348
0 0.334961 0.630737 0.011719 0.004150
0 0.302002 0.616333 0.004883 0.008545
0 0.301636 0.632690 0.005615 0.005615
0 0.294678 0.610596 0.007324 0.003906
0 0.011597 0.658569 0.015869 0.016357
