3 0.546509 0.696167 0.010986 0.020264
0 0.105591 0.578247 0.053955 0.031982
3 0.688232 0.672852 0.020508 0.031738
0 0.100830 0.615845 0.053711 0.029541
0 0.104370 0.597656 0.052979 0.031250
0 0.099243 0.633789 0.053467 0.027344
0 0.137817 0.630005 0.023682 0.020264
0 0.097534 0.653931 0.057861 0.027588
0 0.273926 0.699585 0.006348 0.004150
2 0.121460 0.582642 0.009033 0.013916
0 0.685669 0.727661 0.003174 0.006104
0 0.636108 0.718628 0.013428 0.020264
0 0.643555 0.728149 0.004883 0.003662
0 0.633057 0.722168 0.002441 0.001953
0 0.062134 0.679932 0.046631 0.037109
0 0.289673 0.705933 0.006104 0.008057
2 0.138306 0.629761 0.007568 0.011963
2 0.509888 0.669556 0.021729 0.032959
3 0.302734 0.707275 0.006836 0.008301
