2 0.266724 0.560913 0.007080 0.009521
3 0.569336 0.483032 0.012207 0.039795
3 0.569458 0.521729 0.007568 0.037598
0 0.083374 0.549683 0.006592 0.009521
0 0.082397 0.558838 0.004639 0.006348
0 0.120117 0.561035 0.005371 0.006348
0 0.168335 0.543579 0.005127 0.006592
0 0.167969 0.550171 0.005859 0.007080
2 0.167114 0.565063 0.007568 0.009521
0 0.049805 0.556274 0.003418 0.005127
0 0.049805 0.552246 0.003906 0.002441
0 0.266113 0.568481 0.008789 0.004639
0 0.265991 0.573853 0.009033 0.005127
0 0.119873 0.553711 0.004883 0.005859
0 0.441772 0.552246 0.005127 0.015625
3 0.441406 0.566650 0.002930 0.013672
