3 0.685181 0.548828 0.004150 0.013184
3 0.402710 0.563110 0.026611 0.035400
3 0.569214 0.548828 0.016846 0.020996
3 0.418579 0.545898 0.016846 0.021973
3 0.490234 0.551636 0.005859 0.008545
3 0.479614 0.548706 0.010986 0.014893
0 0.440063 0.467163 0.024658 0.011963
0 0.960571 0.553589 0.009033 0.010498
0 0.421631 0.453003 0.007812 0.013428
0 0.419434 0.508911 0.010254 0.003174
0 0.694824 0.539673 0.009766 0.004150
0 0.490356 0.542847 0.006104 0.008545
0 0.421143 0.439331 0.006836 0.014404
0 0.428345 0.443970 0.004639 0.013428
0 0.432251 0.508423 0.010986 0.002686
0 0.428345 0.456787 0.004639 0.011230
