0 0.688721 0.571411 0.012207 0.018311
0 0.917358 0.571533 0.003662 0.005371
0 0.449707 0.588623 0.002930 0.004395
0 0.546387 0.589478 0.004395 0.008057
0 0.955200 0.568359 0.003174 0.005371
0 0.875854 0.569824 0.004639 0.006348
0 0.991211 0.283936 0.017090 0.089355
0 0.990234 0.452026 0.019043 0.244873
0 0.728882 0.609863 0.013916 0.014648
0 0.533691 0.553345 0.020020 0.028076
3 0.496094 0.414673 0.017090 0.031494
2 0.892822 0.566040 0.020508 0.053955
3 0.890747 0.518066 0.025635 0.042480
0 0.542969 0.328735 0.151367 0.118408
3 0.552490 0.414307 0.018066 0.032227
0 0.348145 0.546753 0.011719 0.017822
0 0.519409 0.585449 0.001709 0.004395
0 0.523071 0.590698 0.002686 0.006592
