3 0.825439 0.671387 0.007812 0.012695
0 0.490845 0.680786 0.001709 0.010010
0 0.387817 0.652344 0.030029 0.014648
0 0.510864 0.635498 0.005127 0.009277
0 0.388062 0.665894 0.029541 0.014404
0 0.510864 0.647583 0.005127 0.009521
0 0.417114 0.677734 0.004639 0.028320
0 0.487549 0.680786 0.001465 0.010010
0 0.476929 0.668457 0.008545 0.006836
0 0.389404 0.672852 0.008301 0.048828
0 0.510986 0.659912 0.005371 0.009766
0 0.442993 0.661499 0.020264 0.017822
3 0.523438 0.652832 0.004883 0.008789
3 0.432983 0.672363 0.004150 0.009277
0 0.446777 0.663086 0.003418 0.003906
0 0.477783 0.681030 0.001953 0.010010
