3 0.557739 0.251953 0.021729 0.030762
0 0.536133 0.322388 0.007324 0.006104
0 0.561890 0.360718 0.009033 0.026611
0 0.562378 0.353271 0.005615 0.007324
0 0.623413 0.350708 0.015869 0.020752
0 0.662109 0.379028 0.017578 0.024658
0 0.546265 0.323242 0.006592 0.005371
0 0.735229 0.290161 0.027100 0.026611
0 0.458984 0.351929 0.011230 0.004150
0 0.622437 0.370361 0.008545 0.018555
0 0.461304 0.377563 0.005127 0.006592
0 0.585083 0.373779 0.005615 0.007812
0 0.536377 0.311646 0.010254 0.012939
0 0.734009 0.316772 0.016357 0.024170
1 0.732544 0.337646 0.019775 0.020020
0 0.461060 0.370850 0.006592 0.007324
0 0.546753 0.312622 0.010010 0.012939
0 0.715454 0.344360 0.015381 0.020752
1 0.713501 0.365112 0.020752 0.018799
1 0.925903 0.413086 0.020752 0.027344
0 0.663208 0.345215 0.030518 0.037598
1 0.830200 0.405029 0.021729 0.030762
1 0.898804 0.409546 0.020752 0.028564
0 0.716675 0.321777 0.027100 0.025879
0 0.552002 0.362549 0.007324 0.009277
