3 0.524658 0.353027 0.006348 0.014648
0 0.764893 0.324707 0.017090 0.031250
0 0.901489 0.406372 0.006592 0.021240
0 0.145508 0.209351 0.022949 0.012939
0 0.175659 0.200928 0.009521 0.016602
0 0.733032 0.339478 0.008545 0.021240
3 0.704834 0.142212 0.020020 0.047119
0 0.784180 0.334717 0.016602 0.031250
0 0.785522 0.311157 0.015869 0.015869
3 0.084717 0.102051 0.011719 0.062012
0 0.786255 0.294556 0.016846 0.015869
0 0.787109 0.277588 0.016602 0.018555
0 0.326904 0.371216 0.002441 0.015381
0 0.765991 0.301514 0.016846 0.014648
