4 0.886475 0.444336 0.062500 0.075195
1 0.300659 0.583984 0.012939 0.012695
0 0.091064 0.535645 0.010254 0.013184
0 0.731079 0.569092 0.015869 0.018555
0 0.300049 0.537842 0.027344 0.025391
0 0.731323 0.548584 0.029053 0.024902
0 0.732422 0.592529 0.013184 0.011719
0 0.300781 0.560303 0.016113 0.017578
0 0.140625 0.445557 0.011719 0.015625
0 0.731689 0.583130 0.012207 0.007568
0 0.300781 0.573486 0.013184 0.008301
0 0.409912 0.554077 0.017578 0.030518
0 0.659302 0.570679 0.011475 0.017822
0 0.888672 0.493774 0.048340 0.023682
