3 0.698120 0.525024 0.003662 0.005127
0 0.378174 0.584839 0.011230 0.003662
0 0.444214 0.560181 0.002686 0.001221
1 0.467041 0.556396 0.004395 0.004883
0 0.512817 0.546509 0.008545 0.003662
1 0.474365 0.555664 0.004395 0.003418
0 0.259644 0.561035 0.007568 0.002930
0 0.332642 0.595947 0.003662 0.007812
0 0.697998 0.526733 0.004883 0.010010
0 0.444336 0.563477 0.002441 0.003906
0 0.466675 0.543945 0.005615 0.003906
0 0.473755 0.549561 0.005127 0.007324
0 0.473755 0.543457 0.005615 0.003418
3 0.451416 0.564331 0.003418 0.005127
0 0.466675 0.549683 0.005127 0.007080
0 0.444214 0.566772 0.002197 0.001709
0 0.447998 0.565063 0.002930 0.003174
