1 0.394043 0.678589 0.007324 0.011963
1 0.437500 0.676514 0.008301 0.014648
1 0.663208 0.635010 0.033447 0.056152
1 0.207642 0.680298 0.003662 0.006104
1 0.292480 0.678955 0.004883 0.007324
4 0.174438 0.678955 0.010010 0.013672
1 0.249634 0.680054 0.004150 0.006592
1 0.313965 0.679077 0.005371 0.009033
1 0.491089 0.671875 0.012451 0.020996
1 0.373047 0.678955 0.006348 0.011230
1 0.462280 0.674927 0.010498 0.018311
1 0.525513 0.665405 0.014893 0.026611
1 0.415405 0.678101 0.008057 0.013428
1 0.956665 0.551514 0.085693 0.137207
1 0.333618 0.678833 0.005127 0.008545
4 0.121826 0.681519 0.008789 0.011963
1 0.353638 0.678467 0.005615 0.009766
1 0.271118 0.679688 0.004639 0.007812
1 0.581421 0.659302 0.021240 0.036377
