3 0.706665 0.525879 0.019775 0.021973
0 0.612671 0.525757 0.018799 0.025146
4 0.754028 0.464600 0.043213 0.051270
0 0.632202 0.542114 0.008057 0.010498
0 0.538208 0.563232 0.015381 0.009277
3 0.789429 0.553833 0.007568 0.010498
0 0.468018 0.570068 0.013184 0.014160
0 0.522583 0.582031 0.013916 0.009277
0 0.519531 0.559204 0.015625 0.007568
0 0.521606 0.575439 0.013916 0.006348
0 0.520142 0.551147 0.012939 0.009521
0 0.538940 0.570435 0.014893 0.006592
0 0.454590 0.571167 0.011719 0.010986
0 0.520508 0.565918 0.016113 0.006348
0 0.506836 0.569580 0.009277 0.017578
