0 0.312256 0.431152 0.006348 0.008789
0 0.067383 0.396484 0.005371 0.013184
0 0.127686 0.439453 0.022949 0.009277
0 0.117432 0.411377 0.011719 0.014160
0 0.330566 0.454712 0.005859 0.009521
0 0.340942 0.452515 0.005615 0.006592
0 0.261963 0.460083 0.017578 0.007568
0 0.103149 0.433594 0.008057 0.003906
0 0.262573 0.454102 0.005615 0.005859
0 0.341919 0.438599 0.005615 0.002197
0 0.340942 0.447754 0.003662 0.003906
0 0.341064 0.442871 0.004883 0.006836
0 0.342285 0.433350 0.005371 0.006836
0 0.516602 0.447998 0.009766 0.006836
0 0.312500 0.422729 0.005859 0.008057
0 0.098267 0.391846 0.002686 0.002930
0 0.329346 0.414429 0.012207 0.008057
0 0.264404 0.439209 0.006348 0.008789
0 0.516602 0.443115 0.009277 0.009277
0 0.103027 0.426392 0.008301 0.011475
0 0.102783 0.441406 0.005371 0.010742
0 0.130249 0.448242 0.010498 0.008301
