0 0.062622 0.570068 0.007080 0.015625
0 0.346069 0.578247 0.005127 0.017822
0 0.536621 0.558960 0.003418 0.003174
0 0.480591 0.555420 0.005615 0.005859
0 0.533325 0.558716 0.003662 0.002686
0 0.536499 0.551270 0.003174 0.003418
0 0.533325 0.555054 0.004150 0.004150
0 0.536865 0.555054 0.003418 0.004150
0 0.545776 0.557007 0.004150 0.006592
0 0.630615 0.544189 0.010742 0.005859
0 0.710815 0.526245 0.010498 0.018311
0 0.334717 0.540405 0.004883 0.008545
0 0.137695 0.556030 0.012207 0.005127
0 0.643433 0.541260 0.011963 0.015137
0 0.498901 0.551514 0.009033 0.008789
0 0.533081 0.551270 0.003174 0.003418
0 0.137817 0.551636 0.008057 0.004639
