0 0.928955 0.384277 0.008789 0.018555
3 0.927979 0.409058 0.009277 0.017334
3 0.826660 0.363037 0.054199 0.069336
4 0.639160 0.459473 0.008789 0.010254
3 0.789551 0.428955 0.007324 0.027344
0 0.692017 0.415039 0.022217 0.006836
3 0.375122 0.454346 0.005615 0.015137
3 0.125732 0.427124 0.015625 0.033447
0 0.928711 0.395752 0.013184 0.052246
0 0.689209 0.420898 0.015137 0.005371
0 0.444824 0.435669 0.013184 0.006592
0 0.927979 0.429688 0.013672 0.013184
0 0.789795 0.448975 0.007324 0.014160
0 0.444824 0.427856 0.013672 0.006104
