3 0.685181 0.530029 0.006104 0.007812
0 0.484619 0.518677 0.004395 0.004639
0 0.616821 0.469482 0.038818 0.027832
0 0.518066 0.535645 0.004395 0.005859
0 0.559082 0.554810 0.006348 0.026611
0 0.521240 0.544556 0.011719 0.012451
0 0.540894 0.541748 0.006592 0.009277
3 0.359619 0.288330 0.023438 0.032227
3 0.601929 0.269897 0.023682 0.032471
3 0.476074 0.282471 0.023438 0.031250
0 0.617432 0.488525 0.038086 0.016113
0 0.544678 0.488037 0.043457 0.014160
3 0.685181 0.539185 0.006104 0.009521
3 0.557983 0.536743 0.008545 0.010986
