0 0.524658 0.563843 0.027832 0.026611
0 0.574341 0.589478 0.005127 0.006104
0 0.574341 0.594238 0.003174 0.003418
0 0.489746 0.591797 0.002441 0.004883
1 0.419067 0.558472 0.013428 0.016357
4 0.427734 0.554565 0.013672 0.024658
4 0.420044 0.531738 0.023193 0.039062
0 0.411621 0.576172 0.007324 0.015137
3 0.439697 0.572144 0.011230 0.016846
1 0.481812 0.573120 0.011475 0.009521
4 0.482788 0.556396 0.018311 0.024414
0 0.503540 0.589111 0.002197 0.004395
4 0.434204 0.583130 0.007080 0.008057
0 0.500366 0.588745 0.003174 0.004639
1 0.975342 0.587769 0.004883 0.010010
4 0.975464 0.569946 0.007080 0.024658
1 0.425903 0.571533 0.009521 0.010254
4 0.723389 0.567505 0.016113 0.021240
1 0.639771 0.594849 0.005615 0.003662
4 0.640137 0.587402 0.008301 0.010254
1 0.679688 0.594727 0.004395 0.002930
4 0.679443 0.588379 0.007324 0.009277
0 0.632690 0.592896 0.001709 0.005127
0 0.166016 0.327271 0.148438 0.164307
0 0.925293 0.437744 0.062988 0.062988
0 0.882080 0.612549 0.018066 0.038574
0 0.530640 0.562256 0.004639 0.006836
0 0.519287 0.565186 0.005371 0.006348
