0 0.557861 0.613037 0.017090 0.028809
3 0.235107 0.672607 0.021973 0.029785
0 0.621704 0.642334 0.036865 0.048828
0 0.607422 0.685425 0.004395 0.013916
0 0.515259 0.694458 0.005127 0.007080
0 0.302246 0.694824 0.009766 0.018555
3 0.302368 0.690796 0.005127 0.006592
3 0.235229 0.643066 0.022217 0.028809
0 0.476440 0.676392 0.015381 0.006592
0 0.515137 0.701660 0.002441 0.005859
0 0.491333 0.678467 0.004639 0.014648
0 0.462524 0.697632 0.003174 0.008545
0 0.584106 0.690186 0.004150 0.008301
0 0.423950 0.698364 0.006592 0.040771
3 0.559692 0.642944 0.017334 0.029541
0 0.477783 0.685669 0.007812 0.004150
