0 0.663574 0.566650 0.023438 0.038574
3 0.358154 0.556519 0.013672 0.025146
0 0.506104 0.575439 0.009277 0.016602
0 0.256470 0.572388 0.007080 0.012451
0 0.256714 0.579956 0.007568 0.005615
1 0.356323 0.577271 0.014893 0.020264
3 0.415527 0.593506 0.009277 0.006836
1 0.445801 0.616089 0.003906 0.007080
0 0.415894 0.583984 0.009033 0.015137
1 0.471069 0.619995 0.004639 0.008545
0 0.313843 0.526855 0.023193 0.036621
0 0.505859 0.579834 0.013184 0.029785
1 0.414917 0.611816 0.003662 0.007324
1 0.499268 0.620850 0.004883 0.009766
