0 0.003784 0.430176 0.007568 0.024414
0 0.486572 0.458374 0.004883 0.006592
0 0.473755 0.463745 0.003662 0.007568
0 0.463867 0.461670 0.002930 0.006836
0 0.449829 0.462158 0.005127 0.005859
3 0.293579 0.438965 0.012939 0.015625
0 0.293579 0.430054 0.009033 0.004150
3 0.293701 0.419312 0.013672 0.016357
0 0.233887 0.469604 0.003418 0.005127
0 0.545288 0.348755 0.006104 0.025146
0 0.583130 0.426636 0.003662 0.018311
0 0.866577 0.414307 0.005615 0.019531
0 0.882202 0.414795 0.005615 0.020508
0 0.903687 0.314941 0.016846 0.019043
0 0.930542 0.443848 0.024658 0.011230
0 0.328735 0.347046 0.008057 0.026611
0 0.291016 0.360596 0.025879 0.016113
0 0.319214 0.431885 0.020264 0.009766
0 0.318481 0.423706 0.019287 0.007568
3 0.587891 0.453125 0.004395 0.007324
2 0.187378 0.474976 0.007080 0.010010
