3 0.756104 0.644043 0.016602 0.020996
0 0.003174 0.581665 0.006348 0.016846
0 0.559082 0.677368 0.004395 0.007080
0 0.218140 0.700439 0.065674 0.017090
0 0.018433 0.562866 0.027588 0.020752
0 0.698608 0.722534 0.003662 0.010986
0 0.601074 0.702515 0.006836 0.007568
0 0.558838 0.667847 0.005371 0.011475
0 0.651733 0.712280 0.018799 0.007080
0 0.685059 0.712891 0.008301 0.004883
0 0.683960 0.722046 0.005127 0.010498
0 0.651245 0.697754 0.019287 0.008301
0 0.626709 0.682129 0.008789 0.003906
0 0.758179 0.663086 0.013428 0.017578
0 0.635742 0.681641 0.006836 0.003906
0 0.219604 0.684814 0.065186 0.019043
1 0.661133 0.675659 0.009766 0.019775
3 0.828369 0.569336 0.053711 0.064941
3 0.822388 0.503784 0.052490 0.062256
0 0.671265 0.721802 0.003662 0.010010
0 0.651733 0.705811 0.018311 0.006348
