0 0.265381 0.622437 0.002930 0.005615
0 0.310547 0.621704 0.003418 0.005127
3 0.323486 0.633667 0.012207 0.018799
0 0.336060 0.621460 0.003662 0.005127
3 0.812744 0.609619 0.009766 0.024902
0 0.409058 0.629150 0.027588 0.021484
3 0.022461 0.628174 0.044922 0.093750
3 0.041382 0.599731 0.014893 0.031982
3 0.192261 0.589844 0.032471 0.058105
3 0.190552 0.611450 0.013916 0.026611
3 0.692871 0.633423 0.050781 0.090088
3 0.688721 0.575195 0.034668 0.038574
0 0.373413 0.629883 0.030029 0.021973
0 0.322510 0.631836 0.029785 0.025879
0 0.278564 0.632568 0.031250 0.027344
0 0.443726 0.628540 0.027588 0.021729
0 0.546753 0.644775 0.004639 0.007812
0 0.291748 0.622070 0.002441 0.005371
3 0.278198 0.634521 0.012451 0.020508
