0 0.372192 0.212280 0.041260 0.031006
0 0.163452 0.251099 0.207275 0.368896
0 0.459351 0.247559 0.013428 0.008789
0 0.404785 0.251343 0.003906 0.005615
0 0.434082 0.247437 0.014648 0.007080
0 0.567627 0.277466 0.002441 0.005127
3 0.580811 0.264526 0.008301 0.012451
0 0.561401 0.277222 0.002686 0.006104
0 0.802246 0.259888 0.045898 0.041260
0 0.803955 0.223145 0.046387 0.033203
0 0.291870 0.227295 0.006592 0.011230
0 0.581421 0.156006 0.040771 0.082520
0 0.536133 0.155396 0.040527 0.084717
0 0.480713 0.154663 0.041016 0.086182
0 0.425293 0.155518 0.062988 0.078613
0 0.372681 0.247925 0.041748 0.041260
0 0.553101 0.275391 0.003662 0.004395
3 0.163452 0.194214 0.142334 0.186279
0 0.163086 0.360352 0.108398 0.097168
