0 0.627319 0.640991 0.029053 0.014893
0 0.414185 0.669922 0.011475 0.012695
0 0.980347 0.547485 0.012939 0.040283
0 0.591675 0.710083 0.003174 0.009521
0 0.618652 0.698242 0.001953 0.003906
3 0.620361 0.706055 0.005859 0.010742
0 0.621216 0.718384 0.006104 0.010010
0 0.603394 0.709106 0.002197 0.003662
0 0.603516 0.713135 0.001953 0.003418
0 0.607178 0.712402 0.002441 0.004395
0 0.366455 0.746338 0.009277 0.048828
0 0.747559 0.667847 0.008789 0.017822
0 0.750122 0.686768 0.004150 0.007812
0 0.599976 0.715454 0.003662 0.007080
