3 0.610596 0.463501 0.025879 0.033936
0 0.688110 0.275269 0.093018 0.073486
3 0.361694 0.622437 0.010986 0.014404
0 0.802979 0.598633 0.030273 0.048828
3 0.792480 0.466187 0.025391 0.033447
0 0.522095 0.276611 0.091064 0.072754
0 0.522949 0.455200 0.145996 0.053955
0 0.611938 0.591064 0.027588 0.048340
0 0.539673 0.594604 0.016846 0.008545
0 0.444824 0.550537 0.031738 0.038086
0 0.525391 0.604980 0.005371 0.008301
0 0.585938 0.555420 0.032715 0.038574
0 0.303467 0.545532 0.032715 0.039307
0 0.519653 0.609253 0.003662 0.006104
