3 0.755005 0.671631 0.014893 0.017578
0 0.774414 0.664551 0.002930 0.009766
0 0.303833 0.648804 0.008057 0.019287
0 0.495850 0.668091 0.005859 0.012451
0 0.874023 0.673828 0.003418 0.009766
0 0.774658 0.676636 0.004395 0.011475
0 0.276001 0.662109 0.008057 0.012695
0 0.334595 0.669556 0.003662 0.008545
0 0.359375 0.670410 0.003906 0.008301
0 0.587280 0.678955 0.003662 0.005371
3 0.579956 0.626221 0.010010 0.012695
0 0.579834 0.633057 0.018555 0.038086
0 0.673218 0.672241 0.004639 0.003662
0 0.754517 0.654175 0.009521 0.011475
3 0.754028 0.638306 0.009521 0.011963
0 0.964233 0.611328 0.020264 0.010254
0 0.813110 0.675049 0.005615 0.007812
0 0.990112 0.625610 0.019287 0.008057
0 0.989624 0.611206 0.020264 0.009033
0 0.978882 0.599976 0.025146 0.012939
0 0.754395 0.644531 0.016602 0.037109
2 0.496460 0.667725 0.003174 0.006836
0 0.826416 0.657837 0.014648 0.018799
0 0.581177 0.642090 0.009033 0.012695
0 0.896973 0.649902 0.020020 0.021484
2 0.276855 0.662476 0.005371 0.008057
2 0.304199 0.648682 0.003906 0.010254
0 0.416016 0.671265 0.003906 0.007568
0 0.378174 0.668823 0.010254 0.019287
