3 0.649658 0.217773 0.017090 0.034180
0 0.128784 0.392700 0.019775 0.122314
0 0.322632 0.371582 0.010010 0.009766
0 0.655151 0.323853 0.016357 0.016846
0 0.820923 0.230591 0.016846 0.035400
3 0.039795 0.277832 0.013672 0.026855
3 0.309937 0.349609 0.008545 0.016113
3 0.171997 0.221436 0.014404 0.029785
0 0.555542 0.303467 0.013916 0.013672
0 0.263794 0.263184 0.005615 0.035645
0 0.264526 0.289673 0.005615 0.013916
0 0.820190 0.195312 0.017822 0.032227
2 0.321655 0.354126 0.011963 0.023193
3 0.651855 0.252319 0.015625 0.030518
2 0.554688 0.277710 0.018555 0.036377
2 0.817505 0.148926 0.017822 0.062988
2 0.653564 0.292847 0.021484 0.046143
3 0.266602 0.335815 0.019531 0.037842
3 0.127319 0.304932 0.023682 0.046387
0 0.822876 0.264404 0.016846 0.034180
3 0.093750 0.253662 0.014648 0.028809
