0 0.419189 0.623657 0.021973 0.010986
0 0.717407 0.619873 0.007080 0.003906
0 0.923706 0.632324 0.022217 0.005371
0 0.881836 0.531372 0.017090 0.016357
0 0.488403 0.620972 0.006104 0.011475
0 0.584717 0.605469 0.016113 0.019043
0 0.584351 0.625977 0.018311 0.021973
0 0.633911 0.626465 0.014893 0.019043
0 0.880249 0.493286 0.017822 0.062744
0 0.018799 0.518921 0.037598 0.054932
1 0.422363 0.655884 0.015625 0.005615
0 0.312988 0.613525 0.011230 0.023438
0 0.291626 0.660522 0.009521 0.017334
0 0.433472 0.626221 0.008057 0.010254
0 0.422363 0.626343 0.015625 0.018799
4 0.403442 0.580078 0.017334 0.021484
0 0.401733 0.603516 0.010986 0.018555
0 0.391846 0.627441 0.015625 0.019531
0 0.541504 0.628784 0.006348 0.009033
3 0.881958 0.473999 0.005615 0.020752
0 0.315674 0.606812 0.004395 0.008545
3 0.008545 0.506714 0.017090 0.023682
