3 0.146362 0.695557 0.015381 0.018066
0 0.442749 0.680176 0.018799 0.005859
0 0.167114 0.534302 0.011475 0.011963
3 0.571167 0.711426 0.006592 0.006836
0 0.570923 0.704712 0.006592 0.006104
0 0.570068 0.694824 0.007324 0.013184
0 0.265747 0.672974 0.013916 0.042236
0 0.147095 0.710205 0.015869 0.011230
0 0.932983 0.541748 0.030518 0.021484
0 0.234375 0.706299 0.007812 0.011719
0 0.568726 0.681274 0.013916 0.018311
0 0.220093 0.619751 0.013916 0.016357
0 0.481689 0.631470 0.026367 0.010498
0 0.711670 0.657715 0.077148 0.046387
3 0.161255 0.747925 0.014404 0.025635
0 0.171997 0.522461 0.074463 0.044922
0 0.896484 0.583130 0.205566 0.070068
3 0.834717 0.517456 0.010742 0.030029
0 0.473755 0.688354 0.007080 0.011475
