3 0.386597 0.787598 0.027100 0.038086
0 0.659424 0.759399 0.017090 0.007568
0 0.662720 0.750122 0.009033 0.011963
0 0.226440 0.799438 0.018311 0.026611
0 0.700562 0.742676 0.012451 0.020996
0 0.654419 0.751099 0.009521 0.012939
1 0.676147 0.742798 0.007080 0.009033
0 0.603882 0.756470 0.009521 0.012451
0 0.216675 0.820190 0.038330 0.013428
0 0.571045 0.776733 0.023926 0.010986
0 0.598511 0.748169 0.017822 0.010986
0 0.563721 0.765381 0.013184 0.018555
0 0.358032 0.790039 0.028076 0.039062
0 0.371704 0.818237 0.055420 0.023193
4 0.667114 0.701172 0.010498 0.014648
4 0.189941 0.639771 0.036133 0.047119
4 0.186768 0.696167 0.045410 0.062744
0 0.575928 0.763184 0.013184 0.018066
0 0.207520 0.799927 0.018066 0.026123
