3 0.335815 0.561523 0.013428 0.020996
3 0.463989 0.469727 0.019287 0.024414
0 0.668945 0.556152 0.019043 0.004883
0 0.851807 0.420654 0.013672 0.034668
0 0.509766 0.600464 0.003906 0.005127
0 0.541748 0.604614 0.002930 0.003662
0 0.541992 0.598389 0.005859 0.004883
0 0.398804 0.599854 0.005127 0.003906
0 0.501465 0.608276 0.003906 0.008545
0 0.410522 0.607178 0.003174 0.004883
0 0.519653 0.610474 0.005127 0.005615
0 0.520508 0.603027 0.004883 0.008301
0 0.408447 0.601685 0.003906 0.008545
0 0.468140 0.582520 0.005615 0.002441
0 0.509888 0.605103 0.004639 0.003662
0 0.910645 0.397461 0.017578 0.041016
0 0.656982 0.610474 0.003906 0.009033
