0 0.964722 0.699463 0.070068 0.031738
0 0.477539 0.734253 0.019043 0.008057
0 0.849609 0.769043 0.011230 0.005859
3 0.510742 0.811035 0.009766 0.013184
0 0.510498 0.810669 0.023438 0.016846
0 0.477295 0.745972 0.020020 0.009521
3 0.979980 0.764526 0.039062 0.052979
0 0.686279 0.778198 0.010254 0.005127
3 0.172729 0.784302 0.007568 0.010010
0 0.972412 0.765625 0.054688 0.097656
0 0.828979 0.782471 0.008545 0.011230
0 0.453613 0.746338 0.020508 0.009277
0 0.447998 0.810425 0.007812 0.011963
3 0.700073 0.750977 0.021240 0.029785
0 0.564331 0.780518 0.009033 0.012207
3 0.455444 0.773071 0.010010 0.013428
0 0.453735 0.735107 0.020264 0.008301
0 0.713379 0.798096 0.006836 0.008301
0 0.849487 0.774658 0.011963 0.007324
