0 0.472656 0.313232 0.081055 0.041504
0 0.585693 0.458252 0.019531 0.004883
0 0.398682 0.451538 0.004883 0.007080
0 0.583496 0.440063 0.021973 0.004639
0 0.583618 0.444214 0.020752 0.004639
0 0.584961 0.453735 0.018555 0.004150
0 0.583374 0.430420 0.020752 0.005371
0 0.584106 0.449707 0.021729 0.003418
0 0.583008 0.425537 0.021484 0.005859
0 0.708862 0.430054 0.003662 0.011963
0 0.583374 0.434937 0.020752 0.004639
0 0.585327 0.471558 0.020264 0.005127
0 0.585449 0.466797 0.020508 0.003906
0 0.712769 0.430664 0.004639 0.012695
0 0.635010 0.406128 0.017578 0.011963
0 0.520630 0.419189 0.001709 0.002441
0 0.528931 0.425171 0.022217 0.006592
3 0.370728 0.288696 0.046143 0.018311
0 0.546021 0.292847 0.017334 0.009033
0 0.546875 0.313477 0.061523 0.030762
0 0.472046 0.284180 0.080322 0.020508
0 0.633911 0.388794 0.017334 0.023682
0 0.529541 0.418701 0.020020 0.008301
0 0.372437 0.318848 0.048096 0.040039
3 0.328247 0.464844 0.011963 0.015137
2 0.629517 0.406494 0.004639 0.006836
0 0.585449 0.462769 0.019043 0.005615
0 0.430298 0.458496 0.004150 0.005859
