0 0.534180 0.490723 0.012207 0.016113
0 0.535156 0.505737 0.003418 0.006592
0 0.594971 0.493896 0.007324 0.003418
0 0.663940 0.510742 0.012939 0.015625
0 0.564209 0.505737 0.009277 0.018799
3 0.693115 0.497437 0.008789 0.005127
0 0.580200 0.499023 0.005615 0.010254
0 0.565918 0.496216 0.009277 0.011963
0 0.734131 0.493774 0.010254 0.013428
0 0.576538 0.492920 0.008545 0.004883
0 0.572388 0.482788 0.007568 0.003662
0 0.679077 0.511719 0.011475 0.013672
0 0.673828 0.477661 0.020020 0.011963
4 0.473999 0.289307 0.012939 0.028320
0 0.652344 0.470093 0.019043 0.024658
0 0.448486 0.476440 0.015137 0.027100
0 0.675903 0.526855 0.003662 0.006348
0 0.695557 0.490967 0.003418 0.004395
