3 0.595581 0.591919 0.010498 0.013428
2 0.138184 0.535156 0.042480 0.056641
3 0.507568 0.628540 0.004883 0.006592
3 0.446289 0.610596 0.008301 0.010742
2 0.609863 0.604370 0.013184 0.013916
0 0.597046 0.605591 0.010498 0.013428
2 0.454956 0.639526 0.008545 0.010010
2 0.401978 0.655273 0.006592 0.008789
0 0.447876 0.625732 0.008057 0.011230
0 0.951172 0.143311 0.096680 0.125488
0 0.139526 0.568970 0.042236 0.022705
0 0.965210 0.225830 0.069092 0.077148
0 0.610840 0.615967 0.011719 0.009277
3 0.594238 0.578491 0.011230 0.012939
0 0.598022 0.614868 0.010498 0.005615
0 0.548828 0.636841 0.003418 0.004639
3 0.512939 0.627441 0.004883 0.006348
3 0.517212 0.645264 0.003174 0.004883
0 0.446655 0.618286 0.009521 0.004150
0 0.456299 0.657104 0.007812 0.004150
0 0.455566 0.647949 0.008301 0.005859
0 0.520752 0.644531 0.003906 0.004883
0 0.454712 0.648315 0.009521 0.010986
1 0.448975 0.633057 0.008301 0.005371
0 0.430054 0.646362 0.004639 0.012451
