3 0.823608 0.435791 0.008057 0.014160
3 0.823242 0.453247 0.007812 0.013428
0 0.830322 0.412109 0.024902 0.033691
3 0.834595 0.437500 0.008057 0.013184
0 0.444092 0.429688 0.020996 0.020020
0 0.830688 0.388550 0.024170 0.015869
0 0.493042 0.450317 0.009033 0.026123
0 0.460327 0.469116 0.005127 0.017822
0 0.412231 0.450562 0.002686 0.005127
1 0.492554 0.465698 0.009033 0.006104
0 0.444092 0.457886 0.002441 0.020752
0 0.425537 0.453003 0.008789 0.008545
0 0.451294 0.462280 0.005127 0.015381
0 0.439331 0.453613 0.008057 0.007812
