3 0.148682 0.582642 0.009277 0.017334
3 0.775635 0.462524 0.007324 0.017822
0 0.540649 0.539429 0.007568 0.010498
3 0.261230 0.560303 0.007324 0.010742
0 0.339478 0.536133 0.013428 0.008789
0 0.631470 0.518921 0.004150 0.010498
0 0.335449 0.480103 0.013672 0.013428
0 0.338501 0.522705 0.013428 0.008301
3 0.622192 0.518799 0.004150 0.013184
0 0.326050 0.522705 0.009521 0.009277
0 0.137817 0.524048 0.014893 0.007568
0 0.539917 0.529297 0.005615 0.008301
0 0.327026 0.536377 0.009521 0.009766
0 0.117798 0.617554 0.005127 0.013428
0 0.021851 0.529785 0.014893 0.012695
0 0.024048 0.540771 0.016846 0.012207
