3 0.451782 0.575562 0.013428 0.017822
0 0.458496 0.619141 0.006348 0.030273
0 0.466919 0.615723 0.005615 0.023438
0 0.462158 0.618286 0.006348 0.027588
0 0.424316 0.594360 0.010254 0.010010
0 0.414673 0.596558 0.021240 0.054932
0 0.450806 0.623291 0.008057 0.038574
0 0.424683 0.582275 0.009033 0.012695
0 0.334473 0.591553 0.008789 0.011230
0 0.336182 0.617065 0.004883 0.020752
0 0.361206 0.621826 0.007080 0.030762
0 0.346436 0.618896 0.005371 0.025391
0 0.377197 0.624512 0.007324 0.039062
0 0.443970 0.626099 0.009033 0.043701
0 0.391724 0.627319 0.009033 0.044678
0 0.533691 0.577759 0.005859 0.008545
0 0.533813 0.584839 0.006104 0.005615
0 0.737305 0.604126 0.014648 0.021729
1 0.793701 0.615234 0.015137 0.017578
1 0.775269 0.611572 0.011963 0.017578
0 0.826782 0.619385 0.012451 0.016113
1 0.809204 0.616699 0.012939 0.016602
1 0.751343 0.606323 0.015381 0.022217
0 0.334961 0.580811 0.008789 0.010742
3 0.166626 0.567749 0.011475 0.018799
3 0.641968 0.576660 0.014893 0.018555
0 0.470215 0.614502 0.005859 0.020996
0 0.767334 0.609985 0.013672 0.020752
