3 0.474731 0.534424 0.011963 0.016113
3 0.434204 0.566284 0.011475 0.014893
4 0.424927 0.587280 0.006104 0.008545
3 0.241577 0.606934 0.007568 0.013672
3 0.803833 0.367920 0.017822 0.031738
0 0.409668 0.587524 0.006836 0.007568
0 0.476074 0.549561 0.014160 0.015625
0 0.243042 0.622314 0.006104 0.005371
0 0.384399 0.567505 0.006592 0.011475
0 0.347656 0.580078 0.006348 0.010742
0 0.328003 0.607788 0.005615 0.009033
3 0.547363 0.526855 0.005859 0.014648
0 0.242676 0.616577 0.005859 0.006592
0 0.553467 0.547363 0.003906 0.007324
0 0.557617 0.510254 0.021973 0.010254
