0 0.489624 0.432983 0.016357 0.023193
0 0.047729 0.549683 0.009033 0.011475
0 0.558472 0.494385 0.025635 0.014648
0 0.813965 0.438599 0.021973 0.025635
0 0.424194 0.517456 0.006592 0.008545
3 0.489502 0.519409 0.004395 0.006104
2 0.815308 0.459839 0.018799 0.024658
3 0.472656 0.433594 0.017090 0.022949
3 0.818237 0.481323 0.019287 0.023193
2 0.541992 0.465942 0.014160 0.018311
3 0.541016 0.445068 0.014648 0.018555
3 0.455078 0.433838 0.018066 0.023926
3 0.506836 0.432739 0.017090 0.023193
3 0.670776 0.484009 0.012939 0.022705
3 0.099365 0.433105 0.028809 0.045898
0 0.350464 0.462280 0.015381 0.024170
0 0.047729 0.558105 0.010010 0.005371
0 0.450684 0.521729 0.002930 0.004883
