0 0.372437 0.610718 0.006592 0.006592
0 0.364624 0.617676 0.001709 0.002930
0 0.309082 0.657837 0.044434 0.034912
0 0.396851 0.636719 0.001709 0.007324
0 0.391113 0.647217 0.002441 0.011230
0 0.396484 0.629761 0.000977 0.004639
0 0.451050 0.614136 0.004639 0.009033
0 0.523926 0.661987 0.007324 0.031006
0 0.587402 0.615356 0.029297 0.027100
0 0.456665 0.632202 0.001221 0.006104
0 0.461182 0.635498 0.002441 0.010742
0 0.467041 0.637329 0.002441 0.011475
0 0.491333 0.651245 0.003662 0.019775
0 0.350342 0.660889 0.004883 0.023438
1 0.566406 0.641479 0.005859 0.016846
0 0.563354 0.679810 0.009033 0.047607
0 0.454956 0.634644 0.001709 0.007568
0 0.473877 0.641113 0.002930 0.014160
0 0.396362 0.644653 0.001709 0.009033
3 0.660522 0.614258 0.017822 0.031738
0 0.938843 0.732422 0.009521 0.039062
0 0.692017 0.672852 0.004639 0.026367
