3 0.452026 0.398438 0.019287 0.025879
0 0.729004 0.444458 0.010742 0.021240
4 0.417603 0.435303 0.011963 0.025879
0 0.719116 0.437378 0.007568 0.009033
0 0.441528 0.414551 0.009033 0.013672
0 0.605591 0.436890 0.002686 0.002686
0 0.612915 0.429810 0.003174 0.003662
0 0.450806 0.432617 0.003174 0.006836
0 0.614136 0.436035 0.002686 0.003418
0 0.360962 0.325195 0.010498 0.018555
0 0.560181 0.433594 0.002686 0.003418
4 0.396851 0.437500 0.014893 0.032715
1 0.396606 0.459106 0.013428 0.009033
0 0.694580 0.405273 0.008789 0.011230
0 0.567261 0.430664 0.004639 0.007812
3 0.946777 0.395508 0.008789 0.011230
3 0.651245 0.418945 0.010010 0.011719
3 0.695312 0.387451 0.017578 0.022949
0 0.719238 0.446289 0.007812 0.007324
0 0.652344 0.428711 0.007324 0.005371
