0 0.244629 0.608398 0.047852 0.084473
3 0.794800 0.626709 0.012939 0.011230
0 0.659912 0.606201 0.042969 0.056641
3 0.039795 0.641846 0.013672 0.021973
3 0.808105 0.626343 0.013184 0.010010
3 0.040161 0.624634 0.015869 0.009033
0 0.551514 0.636597 0.016113 0.020264
3 0.482910 0.620239 0.004395 0.007080
0 0.650391 0.590332 0.013184 0.018066
0 0.499878 0.621582 0.005127 0.008789
0 0.516724 0.623169 0.005615 0.009521
0 0.792969 0.597778 0.013672 0.010986
0 0.793335 0.611572 0.013916 0.017090
0 0.807373 0.610840 0.012695 0.019043
0 0.807861 0.596191 0.012207 0.010742
0 0.859009 0.401123 0.017822 0.062012
