3 0.599243 0.452148 0.008057 0.016113
0 0.132690 0.522339 0.003662 0.005127
0 0.132935 0.515869 0.003174 0.004883
0 0.134277 0.502441 0.003906 0.005859
0 0.137817 0.507690 0.008057 0.003174
0 0.138062 0.520630 0.007568 0.003662
0 0.197021 0.523926 0.002930 0.006348
0 0.138062 0.516479 0.007568 0.003174
0 0.138062 0.512207 0.007568 0.003418
0 0.282349 0.535278 0.002197 0.007080
0 0.435059 0.515015 0.006836 0.005127
0 0.133911 0.509033 0.003662 0.004883
0 0.375854 0.510254 0.001709 0.002441
0 0.446045 0.479126 0.012207 0.004639
0 0.445923 0.473511 0.011963 0.005127
4 0.438477 0.495483 0.005859 0.014404
0 0.431641 0.489746 0.012207 0.006348
0 0.446289 0.485229 0.012207 0.005615
0 0.430786 0.465454 0.011963 0.005615
0 0.431763 0.473267 0.012939 0.008545
0 0.431763 0.482300 0.012451 0.006592
0 0.707886 0.555664 0.024658 0.111328
3 0.546875 0.472656 0.002441 0.010254
3 0.168335 0.523804 0.003174 0.006592
0 0.431763 0.495850 0.011963 0.005859
0 0.446655 0.491821 0.011963 0.006592
0 0.137573 0.524658 0.008057 0.002930
0 0.709595 0.592285 0.016357 0.030762
0 0.134399 0.494263 0.004639 0.009521
0 0.102295 0.521240 0.001953 0.004395
