3 0.856812 0.613892 0.017822 0.050537
0 0.473267 0.768311 0.004150 0.006836
0 0.428589 0.676880 0.008545 0.035889
3 0.472534 0.753662 0.004639 0.011230
0 0.472778 0.761963 0.004150 0.003418
0 0.459717 0.763672 0.002441 0.013184
0 0.348022 0.765503 0.002686 0.017334
0 0.457520 0.666626 0.005371 0.016357
0 0.159180 0.624756 0.019531 0.018555
0 0.433105 0.649902 0.022461 0.024902
0 0.340698 0.747437 0.006592 0.022705
3 0.458008 0.651123 0.005859 0.016602
0 0.722046 0.569214 0.054932 0.030029
3 0.854980 0.550781 0.059570 0.080078
0 0.722168 0.681885 0.020508 0.033691
0 0.393066 0.750610 0.005371 0.023193
0 0.859253 0.508789 0.050049 0.031250
0 0.588013 0.736206 0.010986 0.008057
