3 0.305420 0.603149 0.025391 0.043213
3 0.611694 0.736450 0.010986 0.021240
3 0.758423 0.761841 0.010498 0.019775
4 0.609741 0.763550 0.010498 0.019287
4 0.883179 0.803345 0.011963 0.018799
4 0.310303 0.721558 0.012695 0.019287
4 0.157349 0.703857 0.013916 0.020508
3 0.160889 0.676147 0.013672 0.021729
3 0.883179 0.779297 0.010498 0.018066
0 0.962769 0.905518 0.027588 0.070801
4 0.757812 0.788452 0.011230 0.019775
4 0.455322 0.738525 0.011719 0.019531
3 0.313232 0.694092 0.012695 0.021973
3 0.457520 0.711304 0.011230 0.020752
3 0.218506 0.593872 0.026367 0.042725
0 0.305786 0.833862 0.032471 0.030518
1 0.727661 0.900879 0.016357 0.034180
0 0.757935 0.779541 0.020752 0.063477
3 0.297241 0.501343 0.031006 0.051025
0 0.883423 0.796021 0.021240 0.062256
0 0.311523 0.712769 0.027344 0.065186
0 0.456055 0.729370 0.023926 0.064697
0 0.158691 0.695068 0.029297 0.067383
0 0.815796 0.901245 0.025146 0.031494
3 0.220459 0.811768 0.006348 0.011230
0 0.260010 0.599365 0.155273 0.074707
0 0.465698 0.853394 0.030518 0.031006
0 0.610596 0.754395 0.022461 0.064941
1 0.705444 0.898071 0.016357 0.033447
1 0.659546 0.895752 0.016357 0.034180
0 0.121582 0.813843 0.033691 0.033936
1 0.682129 0.898193 0.016602 0.036133
0 0.954468 0.920776 0.022217 0.030029
