4 0.557861 0.478516 0.031250 0.037598
0 0.791748 0.450195 0.051758 0.061523
3 0.782959 0.378418 0.057617 0.077637
1 0.641357 0.503662 0.025391 0.039551
1 0.558838 0.504883 0.033203 0.013184
0 0.794067 0.496216 0.040283 0.020752
1 0.502441 0.516479 0.016113 0.019775
0 0.431519 0.522949 0.006592 0.012207
0 0.412354 0.526123 0.005371 0.010254
0 0.384644 0.528320 0.004639 0.007324
0 0.159424 0.430908 0.035156 0.043945
1 0.459961 0.521362 0.007812 0.013916
0 0.401978 0.527588 0.007080 0.007812
0 0.261719 0.532471 0.004395 0.006348
