3 0.839966 0.302490 0.025146 0.026855
2 0.807739 0.361206 0.015381 0.024658
0 0.729370 0.381592 0.010498 0.011230
2 0.515869 0.467407 0.010254 0.053467
0 0.977295 0.285522 0.023926 0.032471
0 0.848145 0.327759 0.028809 0.008057
0 0.755493 0.411865 0.003174 0.005371
0 0.784058 0.374268 0.024170 0.027344
0 0.848389 0.307373 0.043945 0.035156
0 0.483765 0.499146 0.011475 0.040283
0 0.760010 0.402710 0.004883 0.031006
0 0.763672 0.405762 0.006348 0.014648
0 0.755249 0.416748 0.003662 0.004883
0 0.769165 0.374268 0.004639 0.019043
0 0.760376 0.374390 0.011963 0.009521
