3 0.136230 0.529175 0.005371 0.013428
3 0.551147 0.581299 0.008545 0.018555
0 0.551636 0.563721 0.007080 0.020020
3 0.482178 0.608154 0.006348 0.009277
3 0.520752 0.593262 0.008789 0.011719
2 0.175171 0.611938 0.006104 0.007080
0 0.135376 0.550781 0.010498 0.023438
0 0.134766 0.576538 0.011230 0.030029
0 0.135986 0.524902 0.011230 0.030273
0 0.492798 0.589111 0.017334 0.005859
0 0.520142 0.607910 0.008545 0.003906
0 0.488159 0.596436 0.004639 0.006836
0 0.588745 0.570068 0.013916 0.026367
0 0.520874 0.602173 0.010010 0.006592
