3 0.185303 0.459229 0.012207 0.020020
3 0.045654 0.461426 0.016602 0.021484
3 0.202881 0.464844 0.015625 0.026855
4 0.516602 0.450806 0.017090 0.032471
0 0.146240 0.459106 0.009277 0.010010
0 0.064453 0.459839 0.008301 0.005615
0 0.020752 0.454590 0.005859 0.012207
0 0.478516 0.455566 0.006348 0.020508
0 0.301514 0.446533 0.008301 0.015137
0 0.452759 0.466431 0.003174 0.003174
0 0.456665 0.466431 0.003174 0.004639
0 0.452271 0.458984 0.003174 0.010254
0 0.457031 0.447876 0.003906 0.012451
0 0.456665 0.459839 0.004150 0.010986
0 0.452393 0.447510 0.003906 0.012207
