0 0.515137 0.536499 0.011719 0.016357
4 0.469971 0.545410 0.004883 0.006348
0 0.477173 0.550171 0.005127 0.002197
0 0.464111 0.558716 0.002441 0.004639
0 0.406860 0.552856 0.003174 0.004150
0 0.495361 0.542969 0.002930 0.006836
0 0.434814 0.562500 0.002441 0.002930
0 0.484741 0.548218 0.004639 0.010498
0 0.406494 0.557373 0.003418 0.003906
0 0.396973 0.561890 0.001953 0.003662
0 0.422363 0.557983 0.002441 0.004150
0 0.434326 0.558960 0.003418 0.004150
0 0.523926 0.546753 0.003418 0.013428
0 0.530884 0.532715 0.012451 0.005371
0 0.470093 0.555786 0.004150 0.004639
4 0.514648 0.500122 0.009766 0.014404
3 0.514893 0.520264 0.012207 0.015137
2 0.439697 0.492310 0.011230 0.015869
2 0.477661 0.543701 0.005127 0.010254
3 0.633423 0.633057 0.035889 0.049805
3 0.580078 0.591919 0.022949 0.031006
4 0.485229 0.537231 0.010010 0.012939
0 0.514771 0.509155 0.010498 0.003662
0 0.470093 0.550537 0.005127 0.003418
0 0.390869 0.559448 0.001953 0.003662
0 0.352173 0.538574 0.011475 0.015625
