1 0.517700 0.584839 0.015381 0.016846
0 0.343750 0.554199 0.004395 0.006348
0 0.303833 0.591797 0.005127 0.006836
0 0.322144 0.554199 0.005127 0.006836
0 0.363037 0.595947 0.005859 0.006348
0 0.250366 0.592773 0.005127 0.006348
0 0.327637 0.556763 0.016602 0.023682
0 0.349243 0.558838 0.021240 0.019531
0 0.351318 0.603638 0.002441 0.003662
0 0.328003 0.559448 0.005615 0.005127
2 0.307373 0.558228 0.005371 0.007080
0 0.518188 0.572021 0.015381 0.009277
4 0.271118 0.584717 0.011475 0.015137
4 0.412720 0.584717 0.010986 0.014648
0 0.307495 0.556396 0.021729 0.024414
0 0.351807 0.546631 0.017090 0.004883
0 0.320435 0.596191 0.002197 0.003906
0 0.517578 0.579590 0.016113 0.027344
