0 0.343750 0.685059 0.007812 0.002441
3 0.746826 0.610474 0.005371 0.009521
0 0.429321 0.707031 0.002686 0.002930
1 0.521240 0.700562 0.005859 0.003662
4 0.521362 0.691895 0.010010 0.013672
0 0.942749 0.572388 0.036865 0.056885
0 0.750488 0.617065 0.018555 0.031494
0 0.748657 0.694214 0.019775 0.018311
0 0.569458 0.663574 0.005127 0.010742
0 0.568726 0.649170 0.004639 0.014648
0 0.547607 0.678345 0.005371 0.013428
0 0.551270 0.674805 0.010254 0.009766
0 0.506226 0.702881 0.004150 0.002930
3 0.430298 0.681396 0.006104 0.010254
3 0.438599 0.688354 0.004150 0.007080
0 0.224731 0.666504 0.010010 0.023438
0 0.184692 0.668335 0.013916 0.014893
0 0.526855 0.683228 0.008789 0.003662
0 0.569580 0.674805 0.005371 0.009766
4 0.506470 0.696045 0.006592 0.009766
