3 0.850098 0.558228 0.014160 0.022705
0 0.345459 0.623535 0.042480 0.021484
3 0.789429 0.639648 0.006592 0.009277
0 0.474121 0.648560 0.023438 0.011475
1 0.419800 0.651123 0.004639 0.007324
0 0.346436 0.605957 0.040527 0.013672
0 0.975830 0.640991 0.004883 0.006104
1 0.360718 0.650513 0.005127 0.007568
0 0.503296 0.639648 0.006104 0.007812
1 0.383057 0.650879 0.005371 0.006836
1 0.343262 0.648560 0.005371 0.007568
0 0.889282 0.598633 0.024658 0.028320
0 0.601074 0.638794 0.017090 0.015869
0 0.544067 0.633057 0.003662 0.006836
