0 0.688110 0.277344 0.075439 0.025879
2 0.401611 0.444946 0.002930 0.006104
0 0.511719 0.502930 0.002441 0.004883
2 0.527954 0.487305 0.005127 0.009277
0 0.396973 0.475464 0.013672 0.005615
0 0.493164 0.500732 0.002930 0.003906
0 0.493286 0.496582 0.002686 0.004883
0 0.396729 0.444336 0.014160 0.009766
0 0.396606 0.469482 0.014893 0.006348
0 0.673828 0.275146 0.007324 0.012207
0 0.657593 0.249512 0.007080 0.013672
0 0.658325 0.226440 0.007080 0.013428
0 0.688965 0.250732 0.075684 0.024414
0 0.524048 0.491577 0.005127 0.008545
0 0.396851 0.455078 0.014404 0.009277
0 0.689453 0.226685 0.076172 0.024170
0 0.396606 0.462891 0.014893 0.005859
