0 0.303345 0.529785 0.004150 0.005859
0 0.299927 0.522461 0.012939 0.006836
0 0.297852 0.527344 0.008301 0.004395
0 0.096802 0.500000 0.007568 0.007324
0 0.091675 0.487671 0.016846 0.015381
0 0.072510 0.472046 0.031738 0.015869
0 0.066528 0.484497 0.020264 0.008057
0 0.732300 0.487305 0.008057 0.014160
0 0.746704 0.471924 0.030518 0.014648
0 0.752808 0.483032 0.018311 0.006592
3 0.600586 0.525757 0.008789 0.014893
0 0.489624 0.515625 0.002197 0.003418
0 0.485718 0.516113 0.002197 0.003418
0 0.473022 0.516479 0.001709 0.002686
