0 0.599243 0.641602 0.018311 0.030273
0 0.690186 0.496826 0.010742 0.005371
0 0.066162 0.348755 0.021484 0.049561
0 0.062866 0.301025 0.032959 0.079590
3 0.056763 0.218994 0.032471 0.114746
0 0.048584 0.091064 0.035645 0.182129
0 0.191772 0.473999 0.005127 0.019287
0 0.190186 0.452515 0.007324 0.032471
0 0.187988 0.413452 0.006836 0.052002
0 0.184448 0.351074 0.011475 0.084473
0 0.192383 0.516357 0.006348 0.027344
0 0.191406 0.492432 0.004395 0.018066
3 0.223145 0.491821 0.014648 0.051025
0 0.946533 0.458008 0.019043 0.049316
0 0.918213 0.477539 0.012207 0.008301
0 0.913452 0.437256 0.015381 0.021484
0 0.916382 0.463989 0.010498 0.016357
3 0.411499 0.458984 0.020264 0.023926
3 0.896851 0.478271 0.014893 0.020508
0 0.690063 0.491333 0.010986 0.006104
0 0.896118 0.464355 0.016846 0.010254
3 0.894043 0.447754 0.016602 0.023926
3 0.437866 0.570068 0.014893 0.026855
0 0.414673 0.505371 0.022705 0.056641
0 0.413208 0.473999 0.010986 0.006592
3 0.910645 0.480347 0.011230 0.021240
0 0.384766 0.521973 0.021484 0.026367
0 0.371826 0.535278 0.012207 0.008057
0 0.691772 0.517700 0.008057 0.005615
0 0.690918 0.509644 0.009766 0.012451
0 0.685059 0.513794 0.005371 0.010986
0 0.961792 0.465942 0.014893 0.029053
3 0.413940 0.492188 0.016357 0.023438
3 0.945801 0.445801 0.013672 0.019531
0 0.918457 0.484619 0.007812 0.006348
