0 0.595947 0.451294 0.007812 0.013916
0 0.437134 0.385010 0.026123 0.015137
0 0.596436 0.461304 0.007324 0.006592
0 0.516113 0.486816 0.005371 0.010742
0 0.437988 0.339233 0.025879 0.015869
0 0.956421 0.147705 0.063232 0.040039
0 0.913818 0.229980 0.012207 0.040527
0 0.553711 0.480835 0.007324 0.014404
3 0.917480 0.424438 0.007324 0.040283
0 0.438232 0.356689 0.025879 0.016602
0 0.955566 0.112549 0.063477 0.043457
3 0.257446 0.461914 0.038330 0.057129
0 0.087769 0.336792 0.029053 0.022705
3 0.455811 0.477539 0.010742 0.019043
3 0.109741 0.500122 0.011475 0.024170
0 0.437500 0.401733 0.026367 0.015381
0 0.087769 0.314941 0.028076 0.022949
0 0.515991 0.487427 0.003662 0.006592
