0 0.250610 0.662720 0.007080 0.009521
0 0.843872 0.672852 0.009033 0.012207
0 0.950439 0.330322 0.096191 0.070801
2 0.676392 0.645752 0.010498 0.013672
0 0.299438 0.657959 0.008545 0.011230
2 0.323975 0.625366 0.009277 0.011963
0 0.278687 0.666016 0.003662 0.007812
0 0.385864 0.651001 0.003662 0.007080
0 0.591309 0.676147 0.004883 0.005127
2 0.652588 0.613159 0.011230 0.014893
0 0.658691 0.585327 0.010254 0.015381
0 0.591797 0.686279 0.003906 0.013672
0 0.279053 0.675171 0.002441 0.008057
0 0.644409 0.585815 0.012939 0.016357
