3 0.714355 0.470093 0.023926 0.031494
0 0.105957 0.547241 0.007324 0.006592
0 0.099487 0.543213 0.020264 0.007812
0 0.736206 0.447144 0.007568 0.009033
0 0.735962 0.459717 0.007080 0.009766
0 0.781006 0.427734 0.007324 0.010254
3 0.544189 0.532349 0.008789 0.014893
0 0.458496 0.585571 0.007812 0.031494
0 0.349365 0.565796 0.003906 0.009521
0 0.761719 0.455811 0.015625 0.011719
0 0.769287 0.442261 0.008301 0.010986
3 0.543579 0.543091 0.010010 0.006592
0 0.746704 0.446045 0.007568 0.009277
0 0.769531 0.429443 0.006836 0.009766
0 0.758179 0.431152 0.007080 0.010254
0 0.729980 0.431030 0.012695 0.017822
0 0.715088 0.432373 0.012207 0.018066
0 0.757690 0.444336 0.007080 0.009277
0 0.780151 0.453125 0.007080 0.009277
0 0.780640 0.440796 0.008545 0.010010
0 0.725708 0.448975 0.007080 0.009277
2 0.389893 0.543701 0.010254 0.013672
3 0.746460 0.458130 0.007080 0.009521
0 0.744995 0.428589 0.013428 0.017334
0 0.725464 0.460571 0.007080 0.010010
