0 0.083252 0.379883 0.025879 0.008789
0 0.390015 0.455078 0.007080 0.008789
0 0.922363 0.029053 0.154297 0.058105
0 0.202515 0.409668 0.015381 0.020020
0 0.395508 0.298584 0.037109 0.070312
0 0.072266 0.390869 0.007324 0.016113
0 0.307129 0.495605 0.003906 0.007812
0 0.866211 0.310913 0.031738 0.067139
0 0.308105 0.474976 0.004883 0.009521
0 0.511963 0.488525 0.003906 0.009766
0 0.480957 0.476074 0.008789 0.013672
0 0.484253 0.465088 0.004639 0.008789
0 0.483032 0.432129 0.011475 0.016602
0 0.497437 0.466187 0.005615 0.007568
0 0.057495 0.377563 0.015381 0.009033
0 0.304932 0.465332 0.004883 0.008789
0 0.849243 0.426270 0.015381 0.018066
