3 0.599731 0.624878 0.015869 0.007568
0 0.485962 0.607544 0.008057 0.008545
0 0.492432 0.607300 0.006348 0.008545
0 0.493042 0.614136 0.004639 0.005127
0 0.508667 0.591309 0.015381 0.025391
1 0.510498 0.612915 0.005859 0.006104
0 0.486328 0.614624 0.004883 0.005615
0 0.510010 0.585205 0.008301 0.009277
0 0.510620 0.605225 0.006592 0.009766
0 0.594971 0.591919 0.002930 0.008545
0 0.892212 0.340454 0.060303 0.073975
0 0.510376 0.594971 0.009033 0.010254
0 0.489258 0.620361 0.005371 0.007324
0 0.594238 0.581055 0.002930 0.012695
0 0.593384 0.556641 0.003662 0.006348
0 0.587891 0.552124 0.004883 0.012939
0 0.592773 0.541260 0.002930 0.010254
0 0.831299 0.344849 0.072754 0.075439
0 0.865723 0.413940 0.057617 0.072998
0 0.509644 0.575073 0.007080 0.007568
0 0.489502 0.627197 0.004883 0.005859
0 0.493774 0.580078 0.010986 0.007324
0 0.511475 0.632690 0.011719 0.006104
1 0.871094 0.472534 0.048340 0.046631
0 0.851929 0.282227 0.057373 0.053223
0 0.593750 0.567139 0.004395 0.014160
2 0.476196 0.627563 0.003662 0.006592
0 0.476318 0.631958 0.003418 0.002686
