4 0.519531 0.574707 0.008789 0.010742
0 0.525513 0.580566 0.004639 0.006836
0 0.595947 0.603882 0.003418 0.005127
0 0.536011 0.582397 0.004639 0.006592
0 0.536377 0.587036 0.003418 0.002686
0 0.604858 0.574707 0.005127 0.005371
0 0.604492 0.578613 0.003906 0.001465
0 0.630005 0.610718 0.004150 0.031006
0 0.619995 0.587891 0.004639 0.003418
0 0.528564 0.581055 0.003418 0.005371
0 0.519409 0.581543 0.006592 0.005371
4 0.312378 0.534546 0.046631 0.058350
0 0.539551 0.575439 0.008301 0.013672
0 0.312378 0.567383 0.032471 0.015137
0 0.593994 0.574219 0.009766 0.012695
0 0.644043 0.580444 0.008789 0.011475
3 0.709106 0.604248 0.025635 0.046387
0 0.530762 0.580811 0.003906 0.006836
0 0.619751 0.582886 0.006592 0.007568
