0 0.231079 0.588989 0.052002 0.053955
0 0.291016 0.586548 0.051758 0.046631
0 0.540894 0.643188 0.062256 0.026611
0 0.408936 0.665771 0.010742 0.019043
0 0.564331 0.662231 0.009521 0.010010
0 0.564087 0.671509 0.008545 0.008057
0 0.564087 0.679932 0.008545 0.007324
0 0.576294 0.660767 0.011475 0.018799
0 0.218140 0.579224 0.009521 0.011963
0 0.244263 0.578125 0.011475 0.011719
0 0.283936 0.572998 0.011230 0.012207
0 0.519043 0.639282 0.003418 0.005127
0 0.536987 0.638062 0.004150 0.004639
0 0.562866 0.636597 0.004639 0.005615
0 0.557007 0.637207 0.003662 0.004395
0 0.568848 0.636719 0.003906 0.004883
