0 0.567017 0.557617 0.018311 0.030273
0 0.305542 0.562012 0.009521 0.004883
0 0.812744 0.275757 0.027344 0.090088
0 0.299927 0.627686 0.004150 0.012207
0 0.121948 0.646973 0.005615 0.027832
0 0.810181 0.362305 0.036377 0.097656
0 0.201782 0.510010 0.015381 0.008301
0 0.299072 0.601685 0.008301 0.015381
0 0.207031 0.500244 0.021484 0.008789
0 0.512207 0.552490 0.009766 0.006836
0 0.869019 0.338257 0.035889 0.087158
0 0.567627 0.585571 0.012207 0.025635
0 0.868042 0.319214 0.022217 0.037842
0 0.808350 0.343384 0.017578 0.034912
0 0.508789 0.544556 0.015137 0.008545
0 0.519165 0.563110 0.009033 0.015869
0 0.161377 0.643555 0.004395 0.023438
