3 0.367798 0.670044 0.009033 0.012939
3 0.442871 0.675903 0.008301 0.011963
0 0.477783 0.665771 0.034668 0.026855
0 0.473389 0.662964 0.017090 0.035889
0 0.470825 0.661743 0.004639 0.006104
0 0.460449 0.678589 0.003418 0.004639
0 0.454224 0.680420 0.004639 0.006348
0 0.454224 0.674683 0.006592 0.007568
0 0.454102 0.685303 0.004883 0.003906
0 0.409790 0.665405 0.006592 0.009521
0 0.430298 0.676025 0.003662 0.004883
0 0.346802 0.688232 0.004639 0.017090
0 0.423340 0.673950 0.008789 0.012451
0 0.317261 0.690796 0.005615 0.021240
