0 0.553101 0.571899 0.102295 0.076904
0 0.465210 0.682739 0.011475 0.010498
0 0.646118 0.688843 0.005127 0.007080
0 0.443481 0.681763 0.004150 0.006104
0 0.482910 0.684692 0.003906 0.005615
0 0.583008 0.532471 0.043945 0.017578
0 0.542480 0.681396 0.006836 0.008789
0 0.542603 0.686646 0.008057 0.003662
0 0.472168 0.686157 0.005371 0.007080
0 0.395264 0.688354 0.004395 0.003174
0 0.482910 0.687744 0.003418 0.001953
0 0.381348 0.688354 0.007324 0.004639
0 0.535889 0.556274 0.015137 0.020264
0 0.556763 0.557129 0.014893 0.019531
