0 0.763306 0.469727 0.027100 0.009766
0 0.763428 0.477295 0.027832 0.010742
0 0.763794 0.484741 0.027100 0.010498
0 0.763916 0.492188 0.027344 0.010254
0 0.764404 0.499878 0.027344 0.010498
0 0.795166 0.469849 0.033203 0.014893
0 0.799683 0.482300 0.033447 0.013916
0 0.800293 0.494263 0.034180 0.013916
0 0.800293 0.506470 0.034180 0.014404
0 0.915527 0.429199 0.056641 0.022461
0 0.916260 0.448853 0.056641 0.022705
0 0.929565 0.469360 0.056885 0.022217
0 0.930176 0.489136 0.056641 0.023193
0 0.528564 0.569092 0.003906 0.004883
3 0.862671 0.493652 0.028564 0.038086
3 0.924194 0.522949 0.032959 0.046387
3 0.276245 0.513794 0.072021 0.093994
