3 0.578247 0.639404 0.007080 0.012207
3 0.605713 0.632690 0.005859 0.009521
0 0.789917 0.586792 0.016357 0.022705
0 0.499878 0.640381 0.006592 0.008789
0 0.528198 0.620728 0.003662 0.016846
3 0.616821 0.531616 0.005127 0.010498
0 0.538086 0.627197 0.003906 0.008301
0 0.605591 0.641357 0.003662 0.005371
0 0.605225 0.622437 0.004883 0.009033
3 0.651489 0.528198 0.005615 0.011475
0 0.695679 0.614746 0.005127 0.009277
0 0.664795 0.644897 0.004883 0.010010
3 0.695435 0.625488 0.006104 0.009277
0 0.730347 0.609985 0.007568 0.014404
0 0.592285 0.640625 0.005371 0.021484
0 0.704468 0.612427 0.006104 0.011475
