0 0.979614 0.151611 0.040283 0.122070
0 0.255615 0.298706 0.100098 0.132568
0 0.421509 0.377563 0.048584 0.052490
0 0.258057 0.410156 0.029297 0.068848
0 0.387573 0.399414 0.041748 0.024414
0 0.326294 0.407104 0.014893 0.045654
0 0.328247 0.451904 0.010986 0.038574
0 0.606689 0.281250 0.072266 0.030273
0 0.859375 0.367676 0.033203 0.014648
0 0.827271 0.416504 0.017334 0.035645
0 0.764404 0.473877 0.024902 0.044922
0 0.985596 0.407837 0.021973 0.089600
0 0.411743 0.419067 0.032471 0.014404
0 0.431641 0.501587 0.006836 0.018311
