3 0.446167 0.260620 0.069580 0.088135
2 0.443726 0.714111 0.008545 0.011230
0 0.468994 0.728516 0.004395 0.006348
2 0.793823 0.560425 0.039795 0.052979
1 0.601807 0.684692 0.018555 0.013916
2 0.191528 0.556030 0.035400 0.044678
3 0.602539 0.668335 0.017578 0.022705
0 0.185425 0.613159 0.032471 0.020264
0 0.572754 0.712891 0.015137 0.019531
0 0.442749 0.727539 0.007080 0.005859
0 0.466187 0.739014 0.006104 0.009277
0 0.794922 0.603760 0.039551 0.032227
2 0.533813 0.748291 0.004639 0.004883
0 0.188599 0.588623 0.032471 0.020996
0 0.795044 0.634521 0.042725 0.033691
0 0.771484 0.622437 0.025879 0.055420
