3 0.645386 0.500854 0.011963 0.015381
3 0.373169 0.509155 0.010986 0.015869
3 0.532349 0.541382 0.003174 0.004150
0 0.770386 0.523315 0.005127 0.006592
3 0.853882 0.472046 0.024170 0.031982
4 0.533936 0.525513 0.007812 0.010498
0 0.265869 0.540161 0.005371 0.010498
0 0.586670 0.536865 0.002441 0.003906
0 0.912231 0.515991 0.010986 0.018311
0 0.353516 0.559204 0.007324 0.027100
0 0.742188 0.526978 0.007324 0.012939
0 0.770386 0.525757 0.008057 0.014404
0 0.559814 0.531250 0.003906 0.005859
0 0.680298 0.531128 0.005615 0.009521
0 0.663574 0.534912 0.004395 0.008301
