0 0.519409 0.584961 0.013428 0.008301
0 0.578247 0.596069 0.011963 0.004150
0 0.616211 0.573608 0.026855 0.015381
0 0.244385 0.553833 0.020020 0.032471
2 0.280396 0.529297 0.021729 0.027344
2 0.323853 0.555176 0.016357 0.019531
3 0.410156 0.578125 0.011719 0.015625
3 0.458496 0.588745 0.006836 0.009521
3 0.480713 0.597656 0.006348 0.008301
0 0.492432 0.602539 0.004395 0.004395
3 0.642456 0.605225 0.006104 0.008301
3 0.671509 0.601562 0.007568 0.009766
3 0.960327 0.559937 0.027100 0.032959
3 0.245117 0.548828 0.012695 0.014648
