0 0.026733 0.704834 0.005615 0.016602
0 0.065063 0.667725 0.003174 0.006836
3 0.877563 0.669312 0.005127 0.009033
0 0.636963 0.663574 0.005371 0.014648
0 0.636841 0.652100 0.003662 0.007324
3 0.127563 0.545166 0.082764 0.104004
4 0.133545 0.456787 0.080078 0.090332
0 0.146118 0.359131 0.090576 0.138672
0 0.437988 0.671021 0.001953 0.007568
0 0.438110 0.664917 0.002686 0.005615
0 0.438232 0.658936 0.002930 0.006348
4 0.399292 0.662964 0.017822 0.022217
3 0.396729 0.581421 0.022949 0.025635
1 0.982910 0.675171 0.011230 0.011963
0 0.584229 0.668457 0.005371 0.010742
0 0.713867 0.569336 0.022461 0.026855
3 0.712036 0.541016 0.025146 0.029785
0 0.896362 0.617310 0.002686 0.011963
3 0.876587 0.633423 0.003662 0.009521
0 0.946289 0.611816 0.002930 0.003906
0 0.945190 0.602173 0.005615 0.017334
0 0.836304 0.663574 0.003662 0.004883
3 0.455200 0.670288 0.008545 0.011963
3 0.449341 0.679932 0.006592 0.009277
0 0.229614 0.660645 0.006104 0.008301
0 0.016479 0.701538 0.003174 0.011963
4 0.719971 0.654541 0.020996 0.024902
0 0.945557 0.600952 0.003418 0.009033
