3 0.309937 0.194458 0.044678 0.090088
3 0.486450 0.419678 0.012451 0.027344
0 0.719238 0.291748 0.022461 0.041016
0 0.598999 0.413574 0.031982 0.019531
0 0.710449 0.489746 0.023438 0.030762
0 0.744263 0.448120 0.029053 0.046631
1 0.744263 0.488770 0.023682 0.029297
0 0.605347 0.521118 0.007080 0.007080
0 0.646118 0.333496 0.010010 0.042969
0 0.709595 0.450317 0.028076 0.045654
0 0.593994 0.535156 0.005859 0.013672
0 0.605469 0.534546 0.010742 0.013916
0 0.604858 0.531982 0.007568 0.013184
0 0.728149 0.518188 0.013916 0.033447
