4 0.523193 0.442993 0.016602 0.025635
0 0.476440 0.504761 0.003174 0.005615
0 0.346191 0.486816 0.004883 0.007812
0 0.355835 0.497192 0.002686 0.004150
0 0.346558 0.492920 0.004639 0.004395
0 0.456299 0.499878 0.006348 0.014893
0 0.447754 0.498657 0.004395 0.002686
0 0.456909 0.491333 0.003662 0.003662
0 0.447998 0.493530 0.003906 0.006104
0 0.468262 0.504395 0.003906 0.007324
0 0.457153 0.484985 0.005127 0.007568
0 0.460205 0.505615 0.003906 0.008789
0 0.459839 0.496094 0.004150 0.006836
0 0.468994 0.498657 0.015625 0.005615
0 0.469116 0.491577 0.015869 0.007080
0 0.561035 0.466309 0.012207 0.011230
0 0.469116 0.483398 0.015869 0.007812
1 0.523315 0.477539 0.011475 0.011719
0 0.888794 0.366211 0.167236 0.274414
2 0.828125 0.287354 0.020996 0.034668
0 0.237915 0.464966 0.010986 0.015381
3 0.523071 0.463623 0.010498 0.017578
0 0.561157 0.448242 0.015869 0.024414
0 0.355591 0.491821 0.003174 0.005615
0 0.238037 0.476074 0.008301 0.007812
