2 0.846313 0.460571 0.006592 0.008545
0 0.491943 0.479858 0.011230 0.006592
0 0.186768 0.561279 0.044434 0.051270
0 0.593262 0.478027 0.005371 0.009766
0 0.858154 0.465332 0.008789 0.016602
0 0.964111 0.382324 0.012695 0.019043
0 0.849854 0.506714 0.004883 0.006104
3 0.972656 0.433472 0.034668 0.017334
0 0.845825 0.483398 0.012451 0.007324
0 0.505493 0.524170 0.016846 0.016602
0 0.678589 0.482544 0.008545 0.010986
0 0.502197 0.463501 0.007324 0.013916
0 0.507935 0.489624 0.004150 0.007080
0 0.460693 0.535522 0.027344 0.026611
3 0.191528 0.462402 0.014893 0.043457
0 0.492065 0.466309 0.011475 0.020996
0 0.180054 0.425171 0.052002 0.019775
0 0.232544 0.107910 0.031494 0.102051
0 0.846436 0.467896 0.013672 0.024170
0 0.515625 0.171997 0.047852 0.073975
2 0.492188 0.460083 0.005371 0.007568
0 0.971924 0.398315 0.031738 0.053955
0 0.701294 0.491577 0.004639 0.008545
