4 0.984009 0.564819 0.031006 0.062744
3 0.203003 0.635010 0.016357 0.021484
3 0.934937 0.566162 0.055908 0.065918
4 0.104248 0.647339 0.015625 0.019287
0 0.114380 0.647461 0.004150 0.016602
0 0.175537 0.639282 0.003418 0.012939
0 0.156006 0.641602 0.002441 0.013184
0 0.183594 0.637085 0.002930 0.013916
0 0.140991 0.643066 0.003662 0.014648
0 0.191528 0.637939 0.002686 0.011230
0 0.245728 0.628784 0.002197 0.010986
0 0.257080 0.627808 0.002441 0.011963
0 0.240356 0.630249 0.003174 0.011475
0 0.265869 0.626343 0.001953 0.011475
0 0.268188 0.626465 0.002686 0.011230
