3 0.517334 0.627441 0.012695 0.018555
0 0.572388 0.630981 0.006592 0.025146
0 0.450684 0.661133 0.003418 0.004883
0 0.444092 0.663208 0.002930 0.003662
0 0.503174 0.642334 0.016602 0.012207
0 0.599854 0.629395 0.003418 0.006348
0 0.600708 0.612183 0.009521 0.026123
2 0.390381 0.657593 0.003418 0.006592
0 0.781128 0.561157 0.029053 0.020752
0 0.439209 0.663330 0.002441 0.005859
3 0.623291 0.614014 0.017578 0.023926
2 0.468384 0.659424 0.004150 0.006836
2 0.528198 0.629639 0.010986 0.015137
0 0.481323 0.649902 0.008545 0.017090
0 0.444336 0.658936 0.003418 0.003906
