4 0.222290 0.409912 0.056396 0.066895
4 0.499512 0.536255 0.008301 0.009521
0 0.405518 0.460815 0.062012 0.080322
0 0.454468 0.519287 0.012451 0.017090
3 0.474609 0.486328 0.011230 0.014648
0 0.480591 0.520752 0.013428 0.017090
0 0.467285 0.503174 0.012695 0.016113
0 0.467285 0.520020 0.012695 0.017578
0 0.455200 0.501831 0.012451 0.015381
3 0.461304 0.486206 0.011963 0.016846
0 0.509521 0.537720 0.008301 0.003174
0 0.600830 0.517822 0.008789 0.003906
0 0.480225 0.503662 0.012207 0.016602
0 0.467896 0.499878 0.040771 0.060303
