3 0.660889 0.430786 0.034180 0.043701
4 0.505859 0.531250 0.011719 0.013672
4 0.660645 0.388916 0.031738 0.039062
3 0.472412 0.528564 0.004395 0.005371
0 0.836060 0.490479 0.021240 0.014160
0 0.835571 0.476440 0.019287 0.014404
0 0.660522 0.410889 0.057861 0.092773
0 0.485840 0.531982 0.005371 0.006836
0 0.401733 0.521851 0.003662 0.005127
0 0.472412 0.523438 0.003418 0.004395
2 0.834839 0.457520 0.020264 0.025391
0 0.487183 0.537476 0.003662 0.005615
0 0.469971 0.545166 0.003418 0.006348
0 0.350830 0.537720 0.003906 0.006104
0 0.830811 0.476807 0.005371 0.008789
0 0.350952 0.542969 0.005615 0.004395
