4 0.538330 0.588013 0.012207 0.025635
0 0.323120 0.626099 0.008057 0.007080
1 0.537964 0.604736 0.006104 0.006348
0 0.334229 0.628784 0.003418 0.002686
0 0.587280 0.587769 0.004639 0.006592
0 0.353394 0.626587 0.008545 0.005127
0 0.383667 0.609375 0.002686 0.003906
0 0.402466 0.600830 0.004150 0.010742
0 0.383667 0.614136 0.002686 0.004150
0 0.483032 0.628296 0.002197 0.014404
1 0.412964 0.601807 0.010986 0.037109
3 0.237305 0.581055 0.008301 0.005371
4 0.439087 0.626953 0.007568 0.010742
4 0.066040 0.613037 0.011963 0.020508
4 0.483643 0.611816 0.007812 0.018066
4 0.414551 0.557373 0.037598 0.049316
0 0.334717 0.623291 0.003418 0.004883
0 0.386230 0.611084 0.010742 0.015137
