0 0.845093 0.259155 0.160400 0.051025
0 0.650757 0.190918 0.196045 0.083008
0 0.405396 0.151978 0.225830 0.094971
0 0.415649 0.632568 0.004639 0.002930
0 0.411133 0.615967 0.016602 0.003418
0 0.392700 0.610962 0.018799 0.005615
0 0.364258 0.609863 0.019531 0.007324
0 0.403564 0.224487 0.227051 0.104248
0 0.401733 0.317139 0.230713 0.130371
0 0.651978 0.256104 0.197510 0.081543
0 0.652954 0.340698 0.197998 0.114502
0 0.847534 0.301270 0.160889 0.058594
0 0.850098 0.364990 0.163574 0.090332
0 0.415527 0.635498 0.004883 0.002930
0 0.415771 0.639526 0.005371 0.005127
0 0.364014 0.616455 0.019531 0.008301
0 0.363647 0.624634 0.019775 0.010498
0 0.392456 0.617432 0.018799 0.006836
0 0.392334 0.625244 0.018066 0.009277
0 0.411011 0.620361 0.016846 0.004395
0 0.410767 0.626587 0.016846 0.008057
3 0.291870 0.650879 0.004150 0.006348
0 0.406494 0.650146 0.004395 0.004395
2 0.375488 0.148071 0.043945 0.055420
2 0.595703 0.184204 0.040527 0.056396
0 0.385986 0.617432 0.002930 0.004883
2 0.581421 0.250122 0.039795 0.054443
0 0.387695 0.611084 0.002930 0.003418
0 0.361328 0.609375 0.003906 0.004395
