0 0.422852 0.478638 0.002930 0.001709
0 0.465088 0.465332 0.004883 0.006348
0 0.410522 0.488525 0.001221 0.004883
0 0.281128 0.377319 0.012939 0.019775
3 0.128296 0.465820 0.010010 0.011719
3 0.211426 0.457886 0.011230 0.016357
0 0.231934 0.473022 0.001953 0.007080
3 0.216309 0.472900 0.004395 0.008789
0 0.425415 0.485107 0.002686 0.003418
0 0.425659 0.481689 0.002686 0.002930
0 0.425781 0.479004 0.002930 0.002441
0 0.428589 0.485107 0.002686 0.003418
0 0.428711 0.482056 0.003418 0.003662
0 0.421021 0.393066 0.048096 0.017090
0 0.465576 0.469971 0.014160 0.025879
0 0.215088 0.466309 0.005859 0.002930
0 0.232056 0.468384 0.006592 0.003174
0 0.339478 0.479126 0.004639 0.008057
0 0.911621 0.272339 0.044922 0.043213
0 0.422363 0.484497 0.002441 0.003174
0 0.422607 0.481689 0.002441 0.002930
0 0.207764 0.745972 0.011230 0.009033
0 0.300049 0.743652 0.004395 0.006836
