3 0.096191 0.704956 0.021484 0.026123
3 0.257690 0.729126 0.009521 0.012451
2 0.336792 0.700195 0.024170 0.032227
3 0.717773 0.605225 0.050781 0.087891
0 0.153198 0.728271 0.005127 0.004395
0 0.208618 0.733765 0.023193 0.019775
0 0.186890 0.740112 0.012451 0.016357
0 0.537720 0.739624 0.004150 0.013916
0 0.213135 0.745605 0.006348 0.003906
0 0.510132 0.736694 0.005127 0.020264
0 0.093628 0.750122 0.009521 0.028564
2 0.970947 0.745850 0.004395 0.008301
0 0.588135 0.740967 0.003906 0.015625
0 0.960083 0.739990 0.006592 0.009277
2 0.961304 0.752075 0.006104 0.010010
