3 0.405151 0.605347 0.007080 0.009521
3 0.513794 0.600098 0.007080 0.007812
0 0.008301 0.592285 0.007324 0.004395
0 0.018555 0.618652 0.006348 0.005371
0 0.015503 0.592896 0.007080 0.004639
0 0.188477 0.618530 0.001953 0.003662
0 0.188599 0.613159 0.003662 0.006592
3 0.455566 0.606323 0.002930 0.003174
0 0.009521 0.618164 0.009277 0.005371
0 0.181030 0.610229 0.002197 0.006592
0 0.135620 0.613892 0.003662 0.007568
0 0.441650 0.601807 0.008789 0.009277
3 0.429688 0.542236 0.005371 0.006348
0 0.659058 0.616089 0.004150 0.010498
2 0.546753 0.557373 0.010498 0.020020
3 0.019165 0.611328 0.006592 0.010254
0 0.427979 0.542236 0.010254 0.008789
3 0.305542 0.624023 0.005127 0.006836
0 0.436035 0.576538 0.012695 0.012939
2 0.702759 0.610474 0.003174 0.009521
3 0.420654 0.616089 0.003418 0.005615
0 0.015137 0.603027 0.007812 0.003906
0 0.089111 0.612427 0.003906 0.009033
