0 0.629639 0.372192 0.013672 0.017822
0 0.507690 0.494995 0.006592 0.009521
1 0.808228 0.460205 0.014404 0.009277
2 0.595459 0.459595 0.010742 0.013916
3 0.571777 0.443848 0.012695 0.016602
2 0.450562 0.480835 0.010010 0.012939
3 0.809326 0.444214 0.015137 0.018799
3 0.595825 0.446411 0.009033 0.010986
2 0.735107 0.469604 0.011719 0.015869
2 0.635986 0.485962 0.008789 0.010986
3 0.735596 0.455200 0.010254 0.011963
0 0.876099 0.460815 0.076904 0.033447
0 0.708740 0.376465 0.012695 0.017578
2 0.716431 0.500122 0.007080 0.010498
3 0.636475 0.476807 0.005371 0.009277
0 0.988037 0.403809 0.022461 0.079590
0 0.595947 0.482544 0.010254 0.013916
