0 0.712646 0.373169 0.034668 0.037354
0 0.713379 0.323853 0.034180 0.050537
2 0.744995 0.418091 0.032471 0.043213
3 0.489258 0.520630 0.006348 0.009033
2 0.264282 0.493164 0.013428 0.017090
2 0.566162 0.506104 0.014648 0.018555
0 0.456055 0.549561 0.020020 0.018555
2 0.768066 0.458984 0.009766 0.034180
0 0.192139 0.485596 0.004395 0.021484
2 0.745361 0.461304 0.008789 0.019775
0 0.640869 0.524292 0.022949 0.010010
0 0.270752 0.520386 0.001953 0.007080
3 0.174438 0.513428 0.005615 0.021484
3 0.480957 0.530762 0.004883 0.007324
0 0.174072 0.536987 0.004395 0.015869
