3 0.589111 0.553223 0.004883 0.009766
0 0.472778 0.577148 0.002197 0.004883
0 0.471680 0.570923 0.004395 0.007080
0 0.537842 0.562744 0.002930 0.003418
0 0.450928 0.566895 0.007324 0.006348
0 0.539673 0.566650 0.003662 0.004395
0 0.975708 0.438110 0.022217 0.033936
0 0.975952 0.414551 0.017822 0.014648
0 0.969849 0.370605 0.051514 0.065918
0 0.687378 0.438232 0.022705 0.005371
0 0.405273 0.527832 0.013672 0.003418
0 0.692871 0.500610 0.004883 0.010498
0 0.405518 0.524048 0.002930 0.003174
0 0.362427 0.536987 0.004150 0.009521
