1 0.577026 0.658081 0.010010 0.023193
1 0.623657 0.660278 0.007080 0.017334
1 0.526367 0.660522 0.019043 0.035889
3 0.414307 0.640137 0.009277 0.021973
1 0.525513 0.613647 0.023193 0.058838
0 0.551880 0.631836 0.033447 0.057617
1 0.542236 0.649292 0.012207 0.029541
0 0.343872 0.682007 0.003662 0.006592
0 0.414429 0.661621 0.009521 0.022949
0 0.660522 0.668945 0.005127 0.010254
0 0.382446 0.682617 0.004150 0.007324
0 0.332397 0.680542 0.003174 0.005127
0 0.736694 0.654175 0.027588 0.038330
0 0.313354 0.679932 0.002686 0.004395
0 0.317505 0.678467 0.002686 0.003418
