3 0.198730 0.396118 0.005371 0.015869
0 0.429688 0.420654 0.004395 0.007324
4 0.495605 0.422607 0.004395 0.007324
0 0.462036 0.372925 0.027588 0.042236
0 0.429565 0.426270 0.003662 0.002441
0 0.441650 0.414429 0.005859 0.003174
0 0.462036 0.407715 0.003174 0.010742
0 0.469849 0.410522 0.006592 0.003174
0 0.477661 0.415405 0.006592 0.004150
0 0.469849 0.415283 0.007080 0.003906
0 0.479980 0.395874 0.006836 0.004150
0 0.490601 0.437256 0.002197 0.009766
0 0.495850 0.427490 0.004395 0.002930
0 0.469971 0.420776 0.006836 0.003662
