0 0.345825 0.439697 0.030518 0.042969
0 0.263184 0.542114 0.005371 0.010498
4 0.344360 0.390381 0.041260 0.066406
0 0.480103 0.471680 0.017822 0.042969
4 0.453735 0.521240 0.006104 0.011230
0 0.221924 0.620483 0.012207 0.067139
0 0.460693 0.526245 0.002441 0.003174
0 0.418335 0.550415 0.002686 0.014893
0 0.330078 0.581909 0.007812 0.038818
0 0.457764 0.536255 0.005371 0.007080
0 0.410156 0.553833 0.003418 0.017822
0 0.399658 0.556152 0.003418 0.017578
0 0.460938 0.529907 0.002930 0.003662
0 0.460815 0.522217 0.003174 0.004883
