3 0.583374 0.514404 0.010010 0.013672
0 0.778442 0.511230 0.015381 0.005371
0 0.778809 0.517578 0.015625 0.007324
0 0.778564 0.523682 0.015137 0.005859
0 0.757080 0.510010 0.006348 0.007812
0 0.757080 0.500854 0.004395 0.010010
0 0.779053 0.529297 0.015625 0.005859
1 0.764771 0.442993 0.020752 0.038818
0 0.801758 0.500610 0.007324 0.009033
0 0.624023 0.517090 0.008301 0.010254
1 0.617310 0.516479 0.006592 0.008545
0 0.583496 0.530151 0.005371 0.018311
0 0.765137 0.437378 0.027832 0.062256
3 0.725342 0.498047 0.007324 0.010254
3 0.725708 0.484009 0.012939 0.013916
0 0.630615 0.515015 0.006836 0.008057
0 0.763550 0.417236 0.021240 0.010742
