3 0.593140 0.110352 0.015869 0.020996
3 0.144775 0.137329 0.008789 0.013916
2 0.228516 0.100220 0.016113 0.024658
0 0.361816 0.153442 0.010254 0.012939
0 0.630859 0.102051 0.019043 0.031738
0 0.217285 0.161255 0.005859 0.011963
0 0.125122 0.143066 0.009033 0.011230
0 0.890747 0.070435 0.008057 0.011475
3 0.380249 0.129272 0.013916 0.020752
3 0.223267 0.140747 0.010010 0.012451
0 0.649536 0.182129 0.010986 0.015137
3 0.379761 0.106934 0.019287 0.025391
0 0.040649 0.123901 0.009521 0.015381
3 0.557739 0.170898 0.015381 0.020996
2 0.236938 0.092529 0.018799 0.022461
3 0.591675 0.131470 0.011475 0.018799
0 0.281738 0.150269 0.009277 0.011963
