3 0.432983 0.398926 0.024658 0.044922
1 0.525635 0.710449 0.019043 0.043945
0 0.593994 0.725708 0.014648 0.027588
0 0.835083 0.658813 0.008545 0.018311
1 0.378174 0.656128 0.031738 0.067627
0 0.834106 0.640869 0.008545 0.019531
0 0.432007 0.440308 0.025146 0.043701
0 0.465210 0.698853 0.058838 0.093018
0 0.993774 0.605347 0.011963 0.033447
0 0.833252 0.622681 0.007812 0.015381
0 0.428101 0.532715 0.027100 0.057617
0 0.430298 0.483521 0.025635 0.056396
0 0.818970 0.703979 0.011475 0.010010
0 0.831909 0.605713 0.009033 0.020020
