3 0.508301 0.511475 0.005371 0.010254
0 0.456177 0.522949 0.002686 0.004883
4 0.451904 0.516235 0.006348 0.008057
0 0.454102 0.518066 0.003418 0.006348
0 0.466797 0.514893 0.004883 0.003418
3 0.461304 0.515137 0.004150 0.004883
0 0.466675 0.509521 0.005127 0.006836
0 0.461304 0.509644 0.005127 0.006592
0 0.466309 0.503906 0.005859 0.003906
0 0.460815 0.504150 0.005127 0.003906
0 0.365723 0.526489 0.005371 0.008057
3 0.365845 0.518311 0.006104 0.009277
3 0.384033 0.525391 0.003418 0.005859
3 0.261963 0.522827 0.007324 0.009033
0 0.319092 0.537598 0.003906 0.005371
0 0.448608 0.519653 0.005127 0.009521
