0 0.666382 0.389282 0.007568 0.006592
4 0.665649 0.358521 0.010010 0.019287
0 0.236328 0.411133 0.002441 0.012695
0 0.443604 0.416748 0.002441 0.015137
3 0.443848 0.400635 0.007812 0.016602
0 0.324585 0.413940 0.002686 0.011475
3 0.772461 0.410889 0.023438 0.038574
0 0.319336 0.381958 0.010742 0.017334
2 0.666504 0.376831 0.007812 0.018799
0 0.631348 0.393433 0.005371 0.016846
0 0.596069 0.395874 0.002686 0.010010
2 0.235474 0.397095 0.005615 0.017822
2 0.423828 0.396484 0.003418 0.014160
2 0.322998 0.398193 0.004883 0.016113
2 0.704834 0.373047 0.009766 0.023926
0 0.633057 0.406982 0.001953 0.008789
