3 0.053223 0.597412 0.016113 0.024902
3 0.668457 0.592773 0.013672 0.021973
3 0.053467 0.573975 0.021973 0.012695
4 0.793335 0.497559 0.050537 0.070312
3 0.072266 0.599609 0.012207 0.034180
1 0.795410 0.547974 0.031250 0.026123
4 0.611450 0.621704 0.008545 0.011963
0 0.114624 0.595825 0.020752 0.008057
0 0.691040 0.582642 0.015869 0.022705
4 0.620972 0.609741 0.010010 0.014404
0 0.272339 0.646240 0.004639 0.008789
0 0.689941 0.564331 0.013672 0.010498
0 0.675293 0.623047 0.012695 0.011230
0 0.584595 0.635010 0.004150 0.006836
0 0.710327 0.572754 0.010010 0.020020
0 0.611938 0.629272 0.005615 0.003662
0 0.667114 0.611206 0.004639 0.012939
0 0.572998 0.632935 0.003906 0.005615
0 0.547729 0.638550 0.004150 0.005127
0 0.584229 0.629028 0.003906 0.006592
0 0.600586 0.631714 0.004395 0.005615
0 0.536743 0.634888 0.004150 0.005127
0 0.334229 0.644165 0.004883 0.009521
0 0.427124 0.637329 0.006104 0.003174
0 0.397339 0.647339 0.004150 0.006592
0 0.470825 0.639282 0.003174 0.005615
0 0.403931 0.645996 0.004639 0.005859
0 0.651367 0.618652 0.005859 0.009766
0 0.446533 0.642090 0.004883 0.006348
0 0.621582 0.621460 0.004883 0.006592
