0 0.505005 0.388428 0.111572 0.050293
0 0.826782 0.495239 0.010986 0.007080
0 0.348877 0.492310 0.015137 0.005615
0 0.433716 0.487549 0.007568 0.010254
0 0.444214 0.521362 0.007080 0.006592
0 0.570068 0.493530 0.009277 0.009521
0 0.530640 0.381226 0.015869 0.017334
0 0.373901 0.488892 0.004150 0.006592
0 0.570068 0.500244 0.005859 0.004883
0 0.392456 0.487183 0.002686 0.003174
0 0.451538 0.519531 0.007568 0.005371
0 0.392334 0.491211 0.002441 0.003418
0 0.324219 0.519043 0.027344 0.011230
0 0.426147 0.509033 0.009521 0.013184
0 0.444336 0.498901 0.007324 0.008545
0 0.450806 0.511597 0.007568 0.010986
0 0.426025 0.495361 0.009277 0.013184
0 0.067139 0.521118 0.020508 0.017334
0 0.727417 0.500366 0.010010 0.012451
0 0.419556 0.507080 0.012451 0.008301
0 0.437622 0.510620 0.021240 0.013428
3 0.569946 0.482910 0.008545 0.011230
0 0.067017 0.505371 0.020264 0.013672
3 0.419189 0.496338 0.009766 0.013184
0 0.233276 0.501221 0.024658 0.015625
0 0.306763 0.472168 0.073486 0.094238
3 0.569702 0.470337 0.008545 0.011963
2 0.231689 0.501465 0.006836 0.009277
0 0.325317 0.363403 0.094482 0.037354
0 0.332642 0.404907 0.107178 0.049072
