4 0.661865 0.756958 0.009277 0.013428
0 0.786255 0.698608 0.041748 0.032959
0 0.892212 0.701294 0.034912 0.031006
0 0.842773 0.705322 0.047363 0.018066
0 0.488770 0.758911 0.076660 0.027100
3 0.639771 0.761597 0.008057 0.010498
1 0.663330 0.768555 0.006348 0.008789
3 0.716675 0.767822 0.007080 0.008301
0 0.518188 0.744629 0.016846 0.006836
0 0.599731 0.759155 0.006104 0.008057
0 0.909180 0.759277 0.007324 0.022461
0 0.515503 0.768921 0.022217 0.009521
0 0.471436 0.753296 0.006836 0.008545
0 0.546631 0.749512 0.003418 0.007812
