3 0.289917 0.587891 0.010010 0.013672
0 0.366821 0.601807 0.003662 0.004883
0 0.137573 0.624512 0.024658 0.011230
0 0.427124 0.598755 0.002686 0.006104
0 0.342529 0.598999 0.005371 0.008057
0 0.362305 0.597534 0.007812 0.007080
0 0.136475 0.639526 0.024414 0.010986
0 0.004517 0.598633 0.009033 0.027832
0 0.359741 0.602661 0.003662 0.004150
0 0.114258 0.540894 0.010742 0.004150
0 0.005005 0.618896 0.010010 0.011719
0 0.108032 0.545654 0.022217 0.006348
0 0.006226 0.543579 0.009033 0.023193
0 0.005615 0.570068 0.008789 0.026367
0 0.004517 0.631592 0.009033 0.012695
3 0.439209 0.593262 0.006836 0.009766
0 0.765259 0.528320 0.016357 0.014648
0 0.776489 0.529907 0.017822 0.010986
