0 0.780762 0.510498 0.013672 0.015625
0 0.700439 0.523438 0.014160 0.016602
3 0.501709 0.551270 0.003906 0.004883
0 0.606323 0.550293 0.001709 0.003906
0 0.753906 0.536743 0.004883 0.010986
3 0.980591 0.529907 0.005615 0.006592
1 0.781616 0.521484 0.009033 0.006348
3 0.608643 0.546143 0.003906 0.007324
0 0.344482 0.400513 0.007324 0.010986
3 0.585815 0.553101 0.004150 0.005615
3 0.664429 0.545288 0.003662 0.009033
0 0.908203 0.491821 0.043945 0.015381
3 0.684448 0.541748 0.003662 0.005859
0 0.339966 0.432617 0.102295 0.104980
3 0.593262 0.545654 0.004883 0.006348
0 0.677490 0.539673 0.003906 0.006104
0 0.668213 0.546387 0.002441 0.004395
