0 0.914185 0.299316 0.118408 0.030273
0 0.914551 0.260986 0.117188 0.031738
0 0.790894 0.305176 0.043701 0.035645
0 0.790283 0.260010 0.087402 0.047363
0 0.791504 0.220825 0.044922 0.024170
0 0.287109 0.394775 0.025879 0.012207
0 0.047974 0.267090 0.033447 0.021484
0 0.040527 0.287476 0.075195 0.033936
0 0.491089 0.390259 0.016846 0.022217
0 0.494263 0.385498 0.017334 0.016113
0 0.448853 0.438843 0.005615 0.006592
3 0.705444 0.295044 0.036865 0.046631
1 0.704956 0.331543 0.028564 0.026367
0 0.275391 0.411743 0.018066 0.023682
0 0.704468 0.353027 0.028076 0.015625
0 0.704102 0.369019 0.027832 0.015381
0 0.278320 0.394043 0.003906 0.005859
