1 0.242065 0.417480 0.019775 0.025391
0 0.888672 0.488281 0.003906 0.006836
0 0.885864 0.475952 0.007568 0.008545
1 0.858398 0.497192 0.003906 0.012939
0 0.794556 0.456177 0.003662 0.002686
0 0.863159 0.497314 0.004150 0.011719
0 0.758789 0.462524 0.002441 0.003174
0 0.758667 0.456909 0.002197 0.004639
0 0.776855 0.380859 0.009766 0.016113
0 0.439209 0.314453 0.038574 0.033691
4 0.886108 0.459839 0.014893 0.019287
0 0.557251 0.443970 0.008545 0.010498
0 0.289551 0.390015 0.020020 0.029053
0 0.288818 0.500244 0.018555 0.025879
0 0.558350 0.420044 0.009766 0.035889
4 0.836304 0.389404 0.010010 0.014160
0 0.814453 0.530151 0.018066 0.026123
4 0.411255 0.393677 0.016846 0.023193
4 0.242676 0.373657 0.044922 0.060303
0 0.558350 0.414917 0.006836 0.008545
1 0.670898 0.512207 0.018066 0.027344
0 0.557251 0.455078 0.006104 0.008301
4 0.773560 0.455200 0.007568 0.012451
