3 0.974487 0.567383 0.008545 0.011230
0 0.774902 0.497925 0.021484 0.007568
0 0.848633 0.543945 0.003906 0.020508
0 0.657715 0.555176 0.003418 0.012207
3 0.658569 0.543091 0.006104 0.011475
1 0.407104 0.540527 0.009033 0.031738
0 0.498901 0.470581 0.013916 0.009033
0 0.427979 0.472290 0.018066 0.006592
0 0.290039 0.515869 0.003418 0.013184
0 0.226929 0.497192 0.006104 0.010498
0 0.151489 0.475098 0.003662 0.011719
0 0.111084 0.463013 0.013672 0.004150
4 0.145996 0.489990 0.007812 0.011230
4 0.409302 0.507080 0.013916 0.034668
4 0.659668 0.530151 0.010742 0.013428
3 0.291016 0.503174 0.005371 0.010742
0 0.151611 0.486816 0.005371 0.008789
0 0.445190 0.504028 0.008545 0.004639
