0 0.441528 0.428101 0.020752 0.028076
3 0.460938 0.388428 0.015137 0.036621
0 0.279419 0.271484 0.092041 0.076172
0 0.399902 0.429321 0.012695 0.006104
0 0.135132 0.282471 0.083252 0.060547
3 0.461670 0.422363 0.014160 0.034668
0 0.191284 0.292969 0.026123 0.037109
0 0.257568 0.463867 0.005371 0.006836
3 0.030762 0.435547 0.009277 0.027832
3 0.287476 0.460938 0.005127 0.006348
0 0.395020 0.455811 0.004883 0.005859
0 0.309814 0.439331 0.007324 0.017334
0 0.363770 0.459961 0.003418 0.004883
0 0.410645 0.457886 0.002930 0.005127
