0 0.588745 0.427856 0.031006 0.017822
1 0.504639 0.499023 0.004395 0.007812
1 0.489624 0.498291 0.005127 0.008301
0 0.734253 0.452515 0.054443 0.029541
0 0.588867 0.408936 0.030762 0.017578
0 0.726196 0.408447 0.030518 0.018066
0 0.667603 0.425171 0.206787 0.122314
0 0.457397 0.498291 0.005615 0.008301
0 0.726929 0.427734 0.030029 0.019043
0 0.530884 0.499512 0.004639 0.006836
1 0.473999 0.498169 0.004150 0.009033
1 0.551880 0.500610 0.003174 0.005615
1 0.371826 0.494019 0.006836 0.010498
1 0.542603 0.500977 0.003662 0.006348
