2 0.967407 0.474854 0.018311 0.021973
0 0.960693 0.407471 0.044434 0.050781
3 0.964844 0.449219 0.020508 0.023926
0 0.648682 0.618408 0.011719 0.019531
2 0.651489 0.643066 0.004639 0.008301
3 0.650269 0.633789 0.005615 0.009277
2 0.612671 0.644775 0.006592 0.009277
0 0.966675 0.469482 0.047607 0.076172
0 0.612061 0.635254 0.010254 0.014160
0 0.535767 0.671997 0.007568 0.014893
0 0.612915 0.649414 0.010986 0.020508
0 0.651489 0.640747 0.013428 0.027588
0 0.528809 0.674438 0.005371 0.003174
2 0.380981 0.679077 0.004639 0.006592
