0 0.961060 0.393433 0.036865 0.114990
3 0.622314 0.484863 0.012695 0.023438
3 0.498657 0.520996 0.005127 0.009766
0 0.958862 0.283081 0.081787 0.120361
3 0.964600 0.487427 0.036133 0.070068
0 0.655762 0.488647 0.011230 0.031982
0 0.507568 0.521240 0.003418 0.007324
0 0.451660 0.351807 0.054199 0.077637
0 0.587280 0.368774 0.043701 0.061768
0 0.519775 0.360107 0.048828 0.078125
3 0.432251 0.491333 0.007080 0.012451
0 0.357056 0.516357 0.005615 0.010742
0 0.304321 0.501099 0.005127 0.011475
3 0.080322 0.423340 0.015625 0.062012
0 0.446411 0.497314 0.007568 0.004883
0 0.961914 0.421997 0.023926 0.031982
0 0.532715 0.350708 0.009766 0.017822
0 0.582520 0.353394 0.008789 0.018311
0 0.437500 0.345459 0.009277 0.016602
0 0.655640 0.491821 0.005615 0.008545
0 0.508057 0.347046 0.010254 0.017334
0 0.467407 0.348389 0.009521 0.016113
