3 0.315063 0.554199 0.012939 0.016602
3 0.315063 0.536865 0.012451 0.016602
3 0.125854 0.534790 0.013916 0.015869
3 0.125610 0.552368 0.012939 0.016846
0 0.456543 0.566406 0.004883 0.008301
0 0.406616 0.519653 0.019287 0.018311
0 0.378784 0.433472 0.048584 0.045654
0 0.437988 0.433350 0.051270 0.044922
0 0.958862 0.512451 0.067139 0.041992
0 0.403809 0.524414 0.006348 0.004883
0 0.447510 0.440918 0.018066 0.014648
0 0.370483 0.440796 0.018311 0.014893
0 0.430542 0.524414 0.006592 0.004883
0 0.283081 0.586304 0.019775 0.015869
0 0.026611 0.548462 0.049805 0.119873
0 0.456543 0.575562 0.005371 0.010010
0 0.491943 0.538940 0.011230 0.006592
0 0.427490 0.519531 0.016602 0.018555
