0 0.546753 0.621948 0.004639 0.001709
0 0.691650 0.575684 0.020508 0.011230
0 0.692017 0.564209 0.003174 0.012695
0 0.471191 0.616455 0.004883 0.010742
0 0.460693 0.599121 0.008789 0.014648
0 0.280884 0.553589 0.012451 0.024658
0 0.534546 0.624756 0.002197 0.005371
0 0.538208 0.618286 0.005127 0.008545
0 0.537476 0.624634 0.003174 0.007080
0 0.543091 0.625854 0.003174 0.003174
0 0.544434 0.621826 0.003906 0.005371
0 0.564331 0.616821 0.005127 0.010986
0 0.589111 0.639771 0.004395 0.007080
0 0.593750 0.612915 0.007812 0.012451
0 0.644653 0.594482 0.013428 0.033203
0 0.558838 0.629028 0.002441 0.003662
