0 0.295410 0.686768 0.010254 0.016602
0 0.486816 0.651001 0.026367 0.067139
4 0.433838 0.664795 0.013184 0.022461
3 0.876099 0.676270 0.014893 0.028320
3 0.403076 0.678589 0.006836 0.011963
0 0.347046 0.647217 0.018311 0.057129
3 0.982910 0.684326 0.033203 0.071289
3 0.433472 0.684204 0.010010 0.018799
3 0.403076 0.665161 0.007324 0.012451
0 0.413818 0.681274 0.011230 0.017822
3 0.313477 0.658569 0.004883 0.009033
0 0.177734 0.696655 0.002441 0.013916
0 0.313599 0.667114 0.004639 0.007568
0 0.481934 0.651123 0.007812 0.015137
0 0.492065 0.651611 0.008545 0.014160
0 0.191406 0.700317 0.002441 0.014893
0 0.491943 0.669922 0.008301 0.014160
1 0.486450 0.691895 0.026123 0.016113
0 0.186157 0.697510 0.002686 0.013184
2 0.481812 0.669434 0.007568 0.015137
