0 0.558716 0.671753 0.013428 0.015869
0 0.431396 0.616577 0.022461 0.013916
0 0.852783 0.694702 0.003418 0.013916
0 0.995361 0.679199 0.007324 0.007324
3 0.995117 0.668823 0.007324 0.013428
0 0.695923 0.627075 0.019775 0.008545
3 0.695068 0.609497 0.020020 0.025635
3 0.610718 0.688477 0.009521 0.013672
0 0.621094 0.534790 0.028809 0.010498
0 0.454102 0.624756 0.015625 0.005371
0 0.282959 0.641113 0.019531 0.025391
3 0.284912 0.615356 0.018066 0.024170
3 0.131714 0.637939 0.013916 0.010254
0 0.130737 0.646362 0.014404 0.006592
3 0.131470 0.659180 0.013428 0.017578
0 0.130859 0.671509 0.014160 0.006592
0 0.539185 0.669922 0.020264 0.021973
0 0.343140 0.641968 0.016357 0.007080
0 0.666504 0.523560 0.043945 0.024658
