0 0.746826 0.520264 0.023438 0.028320
1 0.240723 0.377563 0.024414 0.048584
0 0.687012 0.521118 0.014648 0.022217
1 0.609985 0.477051 0.012451 0.016602
0 0.700806 0.521362 0.014893 0.021729
1 0.241211 0.425049 0.024414 0.045898
1 0.327148 0.484985 0.007812 0.010010
0 0.098267 0.470825 0.030029 0.037354
0 0.684448 0.514893 0.002686 0.005859
0 0.442017 0.467896 0.021729 0.029541
0 0.690552 0.514893 0.003174 0.004883
0 0.721680 0.504761 0.014648 0.006592
0 0.696777 0.504272 0.013672 0.013428
0 0.730713 0.522217 0.004395 0.004883
