0 0.431152 0.591431 0.041992 0.037842
0 0.168335 0.520386 0.013428 0.018799
0 0.658569 0.615479 0.009033 0.006836
0 0.718384 0.628296 0.004639 0.009033
0 0.802002 0.591675 0.010254 0.021240
0 0.912476 0.463745 0.011475 0.060791
2 0.969971 0.400391 0.040039 0.048828
0 0.649170 0.628174 0.002930 0.005371
0 0.649048 0.637573 0.003174 0.004639
3 0.265381 0.640015 0.018066 0.039307
0 0.268555 0.689941 0.014648 0.040039
0 0.168457 0.531860 0.013184 0.010986
0 0.912476 0.467041 0.004639 0.017090
0 0.532593 0.578247 0.006592 0.008545
1 0.507446 0.578613 0.006592 0.009277
0 0.444214 0.583862 0.010010 0.017822
0 0.801880 0.587646 0.007568 0.011230
