0 0.135986 0.767334 0.007324 0.010742
0 0.642334 0.791992 0.014648 0.012695
0 0.619019 0.747803 0.016357 0.012207
3 0.326172 0.760254 0.009766 0.016113
3 0.365356 0.762451 0.009521 0.015625
3 0.400024 0.764771 0.009033 0.016357
0 0.493042 0.834717 0.006104 0.012207
3 0.627686 0.728516 0.004395 0.028809
3 0.561157 0.815430 0.022217 0.033203
0 0.561279 0.840820 0.016113 0.016602
0 0.141724 0.784424 0.011963 0.014160
0 0.654053 0.754761 0.012695 0.008545
1 0.140381 0.797363 0.011230 0.011230
0 0.142700 0.773193 0.011475 0.006836
0 0.654419 0.768799 0.012939 0.016602
1 0.654785 0.784668 0.011230 0.012207
