0 0.683350 0.542480 0.011230 0.020996
2 0.923340 0.417114 0.008789 0.024170
2 0.939941 0.354370 0.023438 0.043701
3 0.504028 0.576660 0.007568 0.014648
3 0.681519 0.499634 0.017822 0.030518
3 0.503662 0.559448 0.010742 0.018311
2 0.196289 0.527832 0.009277 0.015625
0 0.555664 0.472290 0.051758 0.075439
3 0.409668 0.604370 0.009277 0.017334
1 0.682617 0.523926 0.012207 0.016602
2 0.940430 0.361328 0.031250 0.069336
0 0.543823 0.495117 0.017822 0.014648
0 0.924072 0.435669 0.008789 0.013428
2 0.196411 0.530151 0.012451 0.025635
