4 0.057007 0.439209 0.017334 0.020020
0 0.211304 0.380737 0.006104 0.006592
2 0.342407 0.382568 0.006104 0.007324
0 0.736938 0.361694 0.014404 0.024170
0 0.651978 0.377686 0.013428 0.020996
0 0.249512 0.430054 0.013184 0.010010
0 0.203003 0.431396 0.011475 0.010742
0 0.511841 0.402344 0.008545 0.012695
0 0.368286 0.353516 0.006592 0.008301
0 0.935181 0.482910 0.029541 0.035645
0 0.152100 0.452026 0.006836 0.010498
2 0.341797 0.366089 0.005859 0.007568
0 0.106689 0.378906 0.054688 0.045898
0 0.358521 0.365723 0.046631 0.041016
0 0.197876 0.383423 0.008545 0.009033
0 0.230835 0.372681 0.050049 0.041748
0 0.163818 0.385376 0.010742 0.009521
4 0.855591 0.305054 0.041748 0.074463
0 0.391235 0.421143 0.009521 0.017090
0 0.178345 0.374756 0.050537 0.042480
0 0.383423 0.426514 0.008545 0.011230
4 0.151367 0.438477 0.013672 0.015137
3 0.198853 0.446899 0.006592 0.008057
2 0.106689 0.383789 0.014160 0.014160
2 0.211670 0.388550 0.006836 0.007080
0 0.178101 0.384399 0.010986 0.010498
0 0.343140 0.427246 0.008057 0.013184
2 0.210449 0.371704 0.006836 0.008057
0 0.552734 0.364746 0.028320 0.044922
0 0.117432 0.367798 0.008789 0.009521
0 0.254028 0.446777 0.004639 0.005371
0 0.484497 0.407104 0.008057 0.011475
0 0.342163 0.374634 0.007080 0.007080
0 0.226196 0.430542 0.034424 0.010498
