0 0.566284 0.588501 0.055420 0.022705
4 0.124390 0.639648 0.012451 0.016113
0 0.976685 0.594604 0.007080 0.011475
0 0.942871 0.616333 0.004883 0.005615
0 0.949463 0.594238 0.010254 0.012207
4 0.959595 0.594238 0.019775 0.023926
4 0.473633 0.670898 0.022461 0.035156
0 0.934937 0.603760 0.008057 0.006348
0 0.794800 0.582764 0.009521 0.018555
0 0.566284 0.607300 0.050537 0.021729
0 0.566772 0.627197 0.051025 0.021973
2 0.578125 0.584717 0.008301 0.008301
0 0.557861 0.627197 0.009277 0.016113
0 0.123413 0.651489 0.009521 0.008057
0 0.795776 0.595825 0.008057 0.006104
0 0.586426 0.583618 0.008301 0.008057
0 0.976929 0.603271 0.007080 0.004395
