4 0.632935 0.534790 0.034912 0.042236
0 0.474731 0.656738 0.002686 0.003418
0 0.429443 0.660889 0.012695 0.005859
0 0.498169 0.656738 0.004150 0.005859
0 0.460693 0.659668 0.002441 0.003418
0 0.469604 0.657471 0.002686 0.003418
0 0.464233 0.658569 0.002197 0.003662
0 0.443604 0.656616 0.004395 0.005127
1 0.813477 0.662720 0.042480 0.053467
0 0.633423 0.567505 0.057373 0.113525
0 0.213623 0.585449 0.057129 0.113281
0 0.200317 0.600098 0.026123 0.042969
0 0.224731 0.600586 0.023682 0.043945
0 0.646484 0.579956 0.023926 0.043701
0 0.623291 0.580444 0.023438 0.044189
4 0.214111 0.553589 0.035156 0.040283
0 0.488037 0.655273 0.002441 0.003418
0 0.480713 0.656006 0.002441 0.003418
