0 0.558838 0.468994 0.004395 0.008789
0 0.487793 0.535767 0.014160 0.057861
0 0.455322 0.548218 0.012207 0.068604
0 0.266235 0.603394 0.019287 0.099854
0 0.734741 0.571167 0.032471 0.164795
3 0.631470 0.426147 0.011475 0.018799
0 0.607178 0.460205 0.006836 0.006348
0 0.534058 0.499634 0.003174 0.019287
0 0.593506 0.460815 0.002930 0.006104
0 0.607544 0.466309 0.004639 0.005371
4 0.686768 0.356445 0.050781 0.076660
0 0.703979 0.308960 0.059814 0.069092
0 0.818726 0.108276 0.140869 0.216064
3 0.606934 0.451294 0.005371 0.009521
4 0.705078 0.226196 0.077637 0.126221
0 0.632324 0.441895 0.011719 0.011230
0 0.471069 0.541382 0.013916 0.062744
