3 0.397705 0.596191 0.010742 0.018066
0 0.267090 0.609619 0.003418 0.008301
0 0.243286 0.598633 0.009033 0.007324
3 0.362549 0.586670 0.009766 0.007812
0 0.398560 0.609375 0.003174 0.011230
3 0.593872 0.579468 0.005615 0.012451
0 0.599243 0.586182 0.008057 0.014648
0 0.396729 0.578369 0.007324 0.013672
2 0.474121 0.611206 0.003418 0.007568
3 0.827515 0.473389 0.049072 0.083496
3 0.820312 0.381592 0.065918 0.105469
2 0.709106 0.506104 0.030029 0.051270
3 0.068726 0.559692 0.037842 0.047607
2 0.743896 0.583130 0.010254 0.016357
2 0.195068 0.600098 0.007812 0.013672
3 0.429932 0.584351 0.006836 0.012939
0 0.727783 0.575562 0.019043 0.036377
3 0.598633 0.552124 0.010254 0.019287
0 0.429810 0.594604 0.002197 0.009521
0 0.634399 0.582520 0.024170 0.034180
0 0.747437 0.449585 0.010498 0.021729
0 0.752808 0.554443 0.017822 0.094727
0 0.755981 0.624634 0.011963 0.041260
2 0.626831 0.590942 0.006104 0.014893
0 0.591675 0.588135 0.003662 0.005859
1 0.664917 0.661133 0.009033 0.042969
0 0.689209 0.580566 0.005371 0.015137
0 0.763794 0.576660 0.020752 0.065918
0 0.793701 0.562256 0.021973 0.031250
0 0.242920 0.581055 0.009766 0.027832
0 0.755493 0.466553 0.037842 0.062988
