3 0.590332 0.553467 0.014648 0.018555
0 0.456421 0.623413 0.008057 0.013916
0 0.537231 0.623657 0.004150 0.002686
2 0.505981 0.609741 0.005615 0.007080
0 0.526855 0.617310 0.004395 0.006592
0 0.493652 0.617798 0.005371 0.007568
2 0.455322 0.609009 0.009277 0.011475
3 0.473877 0.626709 0.006348 0.008789
0 0.559570 0.622070 0.009766 0.004395
0 0.563843 0.612061 0.004150 0.003906
0 0.506592 0.618408 0.005371 0.007812
1 0.474121 0.633911 0.006348 0.004150
3 0.703369 0.435791 0.035156 0.047363
3 0.396729 0.567139 0.014648 0.019531
3 0.571777 0.585815 0.009766 0.011963
2 0.575684 0.610352 0.010742 0.014160
3 0.572754 0.597656 0.007812 0.009766
2 0.472534 0.615845 0.009521 0.011963
2 0.592407 0.572754 0.013428 0.018066
1 0.397949 0.584229 0.015137 0.011719
2 0.289307 0.520630 0.040039 0.054932
3 0.695801 0.380615 0.047363 0.063965
2 0.710449 0.493042 0.051270 0.067139
0 0.596802 0.598389 0.015381 0.014160
0 0.595337 0.587891 0.014893 0.011719
