3 0.569824 0.604126 0.009277 0.027100
0 0.761719 0.593872 0.004395 0.005615
3 0.216187 0.488159 0.024658 0.036865
2 0.097046 0.558960 0.006592 0.012451
0 0.106323 0.558228 0.026123 0.013428
0 0.032959 0.577026 0.008301 0.008545
0 0.105835 0.571533 0.026611 0.009766
0 0.037964 0.564453 0.015869 0.011719
3 0.054321 0.572876 0.012939 0.013916
3 0.472534 0.568237 0.011963 0.016846
0 0.410156 0.552734 0.005371 0.019531
3 0.197754 0.474731 0.031250 0.040771
3 0.859131 0.322998 0.034180 0.055176
0 0.054688 0.559204 0.017090 0.018311
0 0.756714 0.575928 0.006592 0.008789
4 0.055298 0.544434 0.012451 0.013672
0 0.382202 0.535889 0.006592 0.016113
0 0.761597 0.587402 0.008057 0.010742
