3 0.433105 0.556152 0.049316 0.066406
0 0.704956 0.615356 0.010010 0.009521
0 0.696045 0.615967 0.003418 0.004395
0 0.678345 0.620483 0.004150 0.005615
0 0.630981 0.591797 0.036865 0.022949
0 0.703857 0.586792 0.011719 0.007568
3 0.669189 0.612427 0.004395 0.005615
0 0.560547 0.610962 0.003906 0.005615
0 0.645996 0.579102 0.005859 0.007812
0 0.669434 0.605713 0.005371 0.006348
0 0.479492 0.604004 0.007324 0.008789
0 0.574829 0.596436 0.009521 0.013184
0 0.637451 0.570801 0.006348 0.008301
3 0.616821 0.601562 0.006592 0.008301
3 0.574829 0.582520 0.011963 0.015137
0 0.430054 0.628174 0.032959 0.065430
0 0.531494 0.605713 0.005859 0.007812
3 0.337769 0.551636 0.007568 0.010010
0 0.637207 0.576294 0.030762 0.025635
3 0.703979 0.574707 0.010498 0.014160
0 0.646118 0.619141 0.005127 0.008301
0 0.682983 0.620117 0.003662 0.005371
