0 0.661133 0.438599 0.012695 0.073486
0 0.318848 0.499146 0.050293 0.017334
3 0.329468 0.581787 0.006104 0.010254
0 0.215820 0.563232 0.006348 0.004395
3 0.215698 0.555420 0.006104 0.010254
0 0.318848 0.476196 0.049316 0.021729
0 0.354980 0.527832 0.008301 0.018066
3 0.275513 0.557129 0.006104 0.011230
0 0.704224 0.415894 0.018799 0.092529
0 0.688354 0.423340 0.018311 0.080078
3 0.354492 0.546387 0.009766 0.018066
0 0.315430 0.434082 0.039062 0.016113
0 0.275757 0.565552 0.006104 0.004639
0 0.673096 0.433228 0.015625 0.074951
0 0.319458 0.454956 0.050537 0.017334
