3 0.647095 0.534790 0.017822 0.039795
4 0.533203 0.563965 0.006348 0.020508
0 0.236938 0.554199 0.007080 0.015137
3 0.583008 0.555298 0.006348 0.018311
3 0.338989 0.572998 0.007080 0.010254
3 0.339355 0.556396 0.004883 0.011719
0 0.374756 0.564453 0.003906 0.009277
0 0.236694 0.565063 0.004150 0.005615
0 0.456909 0.493652 0.017334 0.008301
0 0.346069 0.534912 0.006592 0.014648
0 0.422241 0.566895 0.004639 0.003418
0 0.491943 0.513672 0.003906 0.011230
0 0.497437 0.537720 0.007568 0.015381
0 0.502808 0.526367 0.009033 0.016113
