0 0.979370 0.700317 0.006104 0.018799
0 0.787109 0.642944 0.006348 0.007568
0 0.851562 0.578491 0.037109 0.012451
0 0.538208 0.687744 0.009033 0.003418
0 0.181763 0.671753 0.014893 0.008057
0 0.483643 0.668213 0.010742 0.003906
0 0.431641 0.687500 0.004395 0.005859
0 0.829712 0.596802 0.019287 0.008057
0 0.832031 0.620483 0.021973 0.040283
0 0.375244 0.691650 0.003418 0.004883
3 0.189941 0.685547 0.012207 0.020020
0 0.634399 0.656006 0.008545 0.021484
3 0.646973 0.668335 0.011230 0.019287
0 0.842163 0.587158 0.017822 0.007812
