0 0.243408 0.471558 0.006836 0.012939
0 0.158203 0.462524 0.008789 0.015869
0 0.647461 0.387817 0.004883 0.012939
0 0.159058 0.476807 0.008545 0.015137
0 0.648682 0.444702 0.005371 0.013428
0 0.157837 0.448364 0.008545 0.013916
0 0.648560 0.425415 0.004639 0.013428
0 0.157593 0.434326 0.009033 0.016113
0 0.114868 0.476440 0.004639 0.008545
0 0.114258 0.465698 0.008301 0.012451
0 0.113892 0.452759 0.008057 0.013428
0 0.113403 0.440430 0.007080 0.011719
0 0.114380 0.464355 0.005615 0.008301
0 0.113892 0.452271 0.005127 0.008057
0 0.157227 0.432861 0.005859 0.009766
0 0.114868 0.477173 0.008057 0.013428
0 0.158569 0.461670 0.006104 0.010742
0 0.242554 0.435791 0.006592 0.012207
0 0.243042 0.454712 0.012939 0.018311
0 0.242310 0.436401 0.011963 0.018799
0 0.243774 0.472900 0.012939 0.019043
0 0.647949 0.407959 0.007812 0.019043
0 0.647705 0.388794 0.007812 0.019775
0 0.774536 0.399658 0.006592 0.008789
0 0.774902 0.417603 0.006836 0.009521
0 0.774658 0.408447 0.006348 0.008789
0 0.775024 0.427124 0.006104 0.009033
0 0.648315 0.426880 0.007568 0.018799
0 0.648804 0.445923 0.008057 0.019775
0 0.158081 0.447632 0.005615 0.010010
0 0.243164 0.453125 0.007324 0.013184
0 0.159180 0.475952 0.005371 0.010010
0 0.647827 0.406250 0.004639 0.013672
