3 0.558716 0.452515 0.042725 0.057861
0 0.742676 0.519775 0.007812 0.005371
0 0.528320 0.502197 0.004395 0.007812
0 0.527954 0.480835 0.005127 0.007568
0 0.551636 0.479370 0.006104 0.009033
0 0.662842 0.473877 0.006836 0.009277
1 0.256104 0.483154 0.016113 0.022461
0 0.575928 0.478394 0.004883 0.006104
0 0.639160 0.474854 0.006836 0.008789
0 0.746094 0.501587 0.009766 0.008057
1 0.069092 0.497681 0.019531 0.023682
0 0.598511 0.477661 0.005615 0.007080
0 0.651611 0.475464 0.005371 0.008057
1 0.453247 0.481445 0.016846 0.025879
1 0.501953 0.467285 0.019531 0.031738
1 0.190063 0.492310 0.017334 0.024170
0 0.622559 0.476685 0.005371 0.007080
0 0.771606 0.436279 0.019287 0.030762
1 0.132812 0.492432 0.017578 0.022461
1 0.319214 0.488281 0.016357 0.023438
1 0.388428 0.479492 0.017090 0.024902
0 0.483521 0.491943 0.021729 0.036133
3 0.745972 0.489868 0.010498 0.013916
0 0.671265 0.500610 0.005127 0.009033
0 0.696289 0.500244 0.003906 0.009277
