3 0.604126 0.531006 0.025146 0.031250
0 0.673706 0.602539 0.005615 0.007324
3 0.673706 0.594482 0.006104 0.006348
0 0.476440 0.597046 0.004150 0.004639
0 0.741821 0.589600 0.004639 0.006348
0 0.660278 0.601074 0.005127 0.007324
0 0.604614 0.504639 0.014404 0.010254
0 0.614746 0.608398 0.010742 0.017090
3 0.820923 0.548218 0.014404 0.017822
3 0.602783 0.566284 0.024414 0.031982
3 0.821167 0.566528 0.014404 0.017822
0 0.820312 0.529907 0.015137 0.017822
3 0.757568 0.487427 0.009277 0.011963
3 0.642334 0.540894 0.005371 0.006592
3 0.604370 0.613403 0.025146 0.033447
0 0.603394 0.482544 0.023193 0.039795
3 0.614380 0.592651 0.009521 0.012939
