3 0.472290 0.748901 0.008057 0.010986
0 0.134644 0.795044 0.007080 0.003174
0 0.202759 0.800171 0.003662 0.019287
0 0.221802 0.781494 0.013916 0.007324
0 0.135986 0.777466 0.005859 0.007080
0 0.225464 0.795898 0.004150 0.021973
0 0.631836 0.773438 0.006836 0.003418
0 0.246216 0.793945 0.005615 0.023926
0 0.611084 0.786499 0.003906 0.017822
0 0.301636 0.786133 0.004150 0.012695
0 0.632080 0.765625 0.008301 0.005859
0 0.212524 0.798462 0.003662 0.023193
0 0.222778 0.773804 0.014404 0.007080
0 0.340576 0.770508 0.003418 0.005371
0 0.015991 0.758423 0.022705 0.029541
0 0.260010 0.779175 0.003418 0.004639
2 0.599487 0.744751 0.005615 0.007568
0 0.340332 0.775391 0.002930 0.004883
0 0.630127 0.787842 0.006348 0.022461
0 0.906250 0.754028 0.005859 0.004150
0 0.631714 0.751465 0.005615 0.010254
0 0.706421 0.765259 0.004639 0.003174
0 0.632202 0.759644 0.005127 0.006592
0 0.706543 0.759766 0.005371 0.006836
0 0.906006 0.748047 0.006348 0.007812
2 0.281250 0.767944 0.005859 0.007568
0 0.599365 0.746826 0.008301 0.014160
4 0.706787 0.750610 0.006836 0.011475
4 0.658813 0.747559 0.009033 0.014648
0 0.236572 0.794312 0.005859 0.020264
0 0.146973 0.780273 0.005859 0.011230
