0 0.640015 0.544556 0.017822 0.022705
0 0.428589 0.575684 0.002686 0.003906
0 0.428345 0.572144 0.005127 0.002197
0 0.438965 0.574829 0.016602 0.013428
0 0.547852 0.557007 0.009277 0.004150
0 0.416992 0.560303 0.006836 0.007324
0 0.447876 0.559204 0.006592 0.006592
0 0.386719 0.575317 0.003418 0.006592
0 0.428833 0.580688 0.003174 0.004639
0 0.454834 0.553345 0.009766 0.004639
0 0.434204 0.572754 0.003662 0.004395
0 0.547485 0.563232 0.009521 0.011230
0 0.557373 0.574463 0.010254 0.013184
3 0.556885 0.565674 0.005859 0.004883
0 0.460083 0.558960 0.007568 0.007080
0 0.666992 0.557495 0.006348 0.003662
0 0.652832 0.536987 0.016602 0.004150
0 0.652466 0.522827 0.015381 0.025635
0 0.556274 0.559570 0.007080 0.006348
0 0.555786 0.554443 0.005127 0.004395
0 0.594482 0.556519 0.006836 0.003662
0 0.667114 0.552612 0.008545 0.009521
0 0.654053 0.559326 0.012207 0.020020
0 0.594482 0.551392 0.008789 0.010010
1 0.626343 0.543701 0.004150 0.006348
3 0.638184 0.510864 0.017090 0.022705
0 0.630127 0.491577 0.014648 0.034424
1 0.603638 0.546509 0.004150 0.007080
0 0.630005 0.486938 0.007080 0.010498
1 0.657349 0.540161 0.004150 0.005615
0 0.471191 0.558594 0.007324 0.007812
