3 0.527100 0.319092 0.038086 0.084473
0 0.788696 0.578247 0.062256 0.089600
0 0.843506 0.701050 0.026855 0.045654
3 0.718140 0.284424 0.045166 0.091309
0 0.747314 0.772461 0.016113 0.014648
0 0.929199 0.260498 0.053711 0.092773
0 0.778076 0.655273 0.036133 0.013184
0 0.733887 0.763184 0.007324 0.011230
0 0.762329 0.767944 0.005615 0.008057
0 0.787476 0.553955 0.013428 0.021484
0 0.493164 0.675659 0.008789 0.015869
0 0.762207 0.759277 0.006348 0.009277
0 0.872681 0.627319 0.008057 0.025146
0 0.322144 0.658447 0.009033 0.020508
0 0.747681 0.654663 0.010498 0.023193
