2 0.939819 0.390991 0.020264 0.041748
0 0.990479 0.474609 0.018555 0.021484
0 0.543335 0.561768 0.025146 0.009766
0 0.822021 0.373901 0.062500 0.033447
0 0.351074 0.486084 0.008301 0.008301
0 0.990967 0.499268 0.017578 0.022949
0 0.383423 0.509766 0.004150 0.008789
1 0.989624 0.451904 0.020264 0.023926
0 0.291992 0.410400 0.025391 0.009277
0 0.351074 0.492920 0.009277 0.005371
3 0.792603 0.401123 0.017822 0.050293
0 0.814331 0.333496 0.052979 0.034668
0 0.989258 0.426514 0.020508 0.028320
0 0.941284 0.420532 0.020264 0.022705
2 0.986938 0.392456 0.023193 0.042236
2 0.091919 0.252930 0.052979 0.069336
2 0.351318 0.476074 0.008301 0.011230
0 0.819458 0.357422 0.062744 0.028320
0 0.383423 0.500244 0.003662 0.009277
