3 0.122559 0.602173 0.006836 0.009521
0 0.135132 0.590088 0.015869 0.009766
0 0.123413 0.566895 0.007080 0.009766
0 0.164795 0.601196 0.015137 0.009033
0 0.165161 0.566650 0.014893 0.009766
0 0.134888 0.601685 0.015381 0.010010
0 0.153076 0.566772 0.007324 0.009033
0 0.152222 0.601440 0.006592 0.008545
0 0.135498 0.566772 0.016602 0.009521
0 0.164795 0.612427 0.015625 0.008057
0 0.135132 0.578491 0.016846 0.010010
0 0.164795 0.589722 0.016113 0.009521
0 0.134521 0.613403 0.016113 0.009033
0 0.122559 0.614136 0.006836 0.008545
0 0.164673 0.578003 0.015869 0.009033
0 0.521240 0.585449 0.101074 0.079102
3 0.332275 0.665527 0.044434 0.070312
4 0.123169 0.578735 0.008057 0.010498
4 0.152710 0.578369 0.007568 0.010742
3 0.123047 0.590210 0.007324 0.009521
0 0.152588 0.589722 0.006348 0.009521
0 0.151978 0.613159 0.007080 0.009521
