3 0.397949 0.491089 0.007324 0.010010
3 0.333008 0.493530 0.004883 0.013916
3 0.144287 0.491333 0.006348 0.008545
0 0.499390 0.475830 0.003174 0.004883
3 0.528931 0.487671 0.003174 0.004150
0 0.541382 0.469604 0.007080 0.006104
0 0.569092 0.473877 0.003418 0.003906
0 0.569458 0.478149 0.003662 0.005127
0 0.566162 0.408447 0.020508 0.016113
0 0.581299 0.473145 0.006836 0.009277
2 0.137695 0.491333 0.006836 0.009033
0 0.541138 0.477417 0.004639 0.009033
2 0.638184 0.410522 0.018555 0.025146
3 0.559814 0.373535 0.032715 0.041992
2 0.015503 0.424927 0.014893 0.019287
2 0.151123 0.491333 0.007324 0.008545
0 0.314209 0.498535 0.005859 0.005859
