0 0.400269 0.586182 0.004639 0.006836
0 0.871704 0.457031 0.032959 0.033691
4 0.445801 0.584595 0.007812 0.010986
0 0.871460 0.503174 0.031982 0.058105
4 0.352173 0.588379 0.005127 0.006348
3 0.497437 0.580078 0.006592 0.012695
3 0.546387 0.564331 0.004883 0.004150
3 0.871460 0.415527 0.032471 0.045898
0 0.411377 0.547119 0.015625 0.004883
0 0.670532 0.588257 0.003174 0.012451
0 0.836914 0.592407 0.003418 0.010010
0 0.546509 0.557739 0.006592 0.008545
0 0.497681 0.565430 0.005127 0.006348
0 0.497070 0.570923 0.006836 0.005127
