3 0.080078 0.506958 0.012695 0.022705
0 0.547119 0.192627 0.014648 0.019043
3 0.223267 0.547485 0.010986 0.014404
0 0.373779 0.520386 0.004883 0.005615
0 0.080078 0.520020 0.009277 0.001953
0 0.079590 0.530884 0.008301 0.015869
1 0.577637 0.192749 0.012695 0.018311
0 0.734985 0.361572 0.016357 0.020020
0 0.374023 0.525146 0.004883 0.003906
0 0.581299 0.508057 0.008789 0.004395
1 0.755249 0.362793 0.014404 0.020508
0 0.304443 0.548218 0.003418 0.005615
0 0.177612 0.502808 0.002686 0.004150
0 0.307739 0.541626 0.018799 0.019775
0 0.177856 0.495361 0.014404 0.022949
