4 0.941650 0.251831 0.104004 0.183350
0 0.518921 0.670166 0.004150 0.010742
0 0.541870 0.674316 0.005127 0.012207
1 0.782959 0.609985 0.012695 0.015381
0 0.782227 0.590088 0.014160 0.024902
0 0.781860 0.571045 0.013428 0.014648
0 0.267212 0.625122 0.005615 0.011963
0 0.267578 0.614136 0.004883 0.010986
0 0.267700 0.603149 0.005615 0.010010
0 0.260132 0.612671 0.004639 0.014893
0 0.259644 0.624756 0.004150 0.010742
0 0.260132 0.601929 0.003662 0.008057
0 0.143066 0.612915 0.006836 0.026611
0 0.152954 0.622192 0.014893 0.010498
0 0.715820 0.637817 0.030273 0.011963
1 0.457153 0.603271 0.015381 0.023926
3 0.439575 0.555298 0.022705 0.036377
3 0.457397 0.588013 0.016846 0.009521
3 0.668213 0.562744 0.025391 0.041504
4 0.309326 0.340576 0.080566 0.138184
0 0.537964 0.667480 0.010010 0.010254
0 0.519409 0.677124 0.003174 0.007080
