3 0.859863 0.464600 0.009766 0.021973
0 0.859863 0.481934 0.008301 0.012695
0 0.914062 0.499146 0.010742 0.007080
0 0.833984 0.508179 0.001953 0.004150
0 0.015991 0.501343 0.002686 0.002197
3 0.736572 0.454834 0.004395 0.009766
0 0.036255 0.503174 0.009521 0.005859
0 0.947510 0.499146 0.002441 0.006592
0 0.287476 0.466553 0.008057 0.011719
3 0.411133 0.426392 0.013184 0.029053
0 0.015747 0.498047 0.001709 0.003906
3 0.288574 0.497314 0.007324 0.015137
3 0.593628 0.417847 0.009033 0.028076
3 0.016113 0.505493 0.002441 0.004639
0 0.733032 0.447876 0.013916 0.028076
3 0.287476 0.450073 0.010010 0.019775
0 0.967285 0.506714 0.008301 0.003662
0 0.809448 0.502808 0.003662 0.003662
