0 0.068481 0.553711 0.007080 0.016113
0 0.800537 0.552490 0.003906 0.012207
0 0.703857 0.597046 0.002930 0.010010
0 0.418335 0.591187 0.002686 0.002686
3 0.068359 0.551270 0.005371 0.009277
0 0.649780 0.589844 0.004639 0.002441
0 0.380005 0.552246 0.007568 0.008301
0 0.800537 0.562988 0.002930 0.005859
0 0.413452 0.590820 0.013916 0.004395
0 0.489868 0.569458 0.010986 0.006592
0 0.382446 0.543945 0.003174 0.006836
0 0.457764 0.593018 0.004883 0.007324
0 0.649780 0.585693 0.004150 0.004883
0 0.490112 0.558228 0.010986 0.013916
0 0.595093 0.533691 0.006104 0.009277
0 0.474976 0.562256 0.014404 0.015137
0 0.594849 0.540039 0.005615 0.003418
