0 0.658936 0.669434 0.038086 0.017578
3 0.689453 0.696045 0.005371 0.008301
4 0.878540 0.536987 0.057373 0.062744
3 0.569336 0.692383 0.008301 0.011230
0 0.315430 0.705322 0.007324 0.006836
0 0.548462 0.708740 0.007080 0.003418
0 0.548462 0.711304 0.007080 0.002686
0 0.503174 0.691406 0.016113 0.008301
0 0.547729 0.715820 0.003662 0.004395
0 0.548218 0.705322 0.007568 0.002930
0 0.661865 0.697876 0.004883 0.008545
0 0.663574 0.682617 0.004883 0.010742
0 0.519287 0.691406 0.014648 0.008789
0 0.518799 0.684448 0.007324 0.003662
0 0.689087 0.687134 0.005615 0.007568
0 0.502686 0.684326 0.008789 0.003418
