0 0.132812 0.620117 0.031738 0.055176
0 0.089233 0.466309 0.044189 0.060547
3 0.500000 0.830322 0.004883 0.007324
3 0.124023 0.677612 0.038574 0.067139
3 0.446777 0.826294 0.005859 0.008057
3 0.412720 0.687500 0.031494 0.042480
3 0.141113 0.562866 0.031250 0.054443
0 0.117920 0.529663 0.037598 0.074951
3 0.029663 0.806641 0.012939 0.015625
3 0.447266 0.817383 0.006348 0.008789
0 0.446655 0.648804 0.029053 0.024170
3 0.375244 0.751831 0.008301 0.018311
3 0.328491 0.828247 0.006592 0.010498
4 0.468872 0.805908 0.015869 0.022949
3 0.482910 0.809448 0.007324 0.010498
3 0.329712 0.813354 0.006104 0.010010
0 0.128418 0.766113 0.021484 0.012207
0 0.585938 0.828003 0.003418 0.005615
0 0.446167 0.832275 0.005615 0.002930
3 0.331665 0.804688 0.006592 0.005859
