3 0.178833 0.603394 0.005127 0.015381
0 0.516235 0.545776 0.006592 0.013916
0 0.265015 0.664062 0.010986 0.051270
0 0.283936 0.653320 0.008789 0.042480
0 0.292603 0.649536 0.007568 0.039795
0 0.238159 0.676270 0.013916 0.059082
0 0.197632 0.697021 0.019287 0.077148
0 0.220581 0.686890 0.015869 0.068115
0 0.253662 0.668335 0.012695 0.054443
0 0.275757 0.658325 0.010498 0.047119
0 0.125122 0.734375 0.026611 0.105957
0 0.062500 0.765991 0.034180 0.130127
0 0.166504 0.713379 0.020508 0.087891
0 0.437012 0.574341 0.006836 0.009033
0 0.169678 0.531738 0.041016 0.013672
2 0.515747 0.518066 0.006104 0.018066
2 0.105469 0.501343 0.030762 0.037354
2 0.500244 0.519897 0.022461 0.032471
3 0.467529 0.564453 0.010742 0.013672
0 0.169678 0.518188 0.019043 0.007080
0 0.515503 0.532715 0.006592 0.013672
