3 0.287109 0.494263 0.018066 0.024658
4 0.496948 0.474731 0.023682 0.028564
0 0.394775 0.485840 0.005371 0.007324
0 0.451416 0.482910 0.005859 0.007812
0 0.418213 0.544189 0.004395 0.005859
0 0.497192 0.494751 0.020752 0.010498
0 0.333374 0.555054 0.008545 0.013428
0 0.297241 0.511108 0.004639 0.008057
0 0.401855 0.530884 0.004883 0.006592
0 0.492554 0.499146 0.012939 0.016846
0 0.476196 0.548340 0.007080 0.013672
0 0.319458 0.526245 0.005127 0.004150
0 0.457642 0.527466 0.004639 0.005615
0 0.318970 0.519653 0.005127 0.007568
0 0.314575 0.547363 0.012451 0.008789
