3 0.517334 0.655518 0.010742 0.015137
0 0.608765 0.619507 0.005127 0.007080
0 0.609009 0.640381 0.005615 0.008301
0 0.483398 0.661621 0.004395 0.006836
0 0.478394 0.661743 0.004639 0.007080
0 0.488281 0.679688 0.002930 0.006836
0 0.517456 0.668701 0.006104 0.011719
0 0.499756 0.672607 0.003418 0.008789
0 0.538452 0.653564 0.003662 0.014648
0 0.609009 0.644897 0.009033 0.020264
0 0.609009 0.627441 0.004639 0.006836
0 0.608887 0.624756 0.009766 0.020996
0 0.478760 0.669189 0.004395 0.007812
0 0.483398 0.669434 0.004883 0.007812
0 0.488159 0.672485 0.003174 0.006592
0 0.538452 0.663208 0.003662 0.004150
