0 0.044189 0.510742 0.005371 0.018066
0 0.354004 0.486450 0.005859 0.010986
0 0.361694 0.485718 0.005615 0.010498
0 0.369019 0.485229 0.005615 0.010498
0 0.349854 0.461060 0.012207 0.019775
0 0.364258 0.459839 0.012207 0.020752
0 0.373779 0.463867 0.005371 0.009766
0 0.383179 0.459106 0.011963 0.020752
0 0.397095 0.457886 0.012451 0.020264
0 0.284790 0.498291 0.007080 0.004883
0 0.286377 0.505127 0.009766 0.010742
0 0.286133 0.515015 0.010742 0.010010
0 0.332153 0.416870 0.022705 0.042236
0 0.360107 0.415649 0.022949 0.041748
0 0.087036 0.519897 0.003174 0.007080
3 0.011230 0.517334 0.006836 0.013184
0 0.289673 0.515015 0.002686 0.005127
2 0.289429 0.505249 0.003662 0.010010
