0 0.030640 0.750488 0.026611 0.031738
0 0.729004 0.539429 0.013672 0.012939
4 0.878662 0.494995 0.049316 0.057861
0 0.991577 0.512207 0.016357 0.020020
3 0.258789 0.506836 0.012695 0.028320
3 0.732178 0.517944 0.020996 0.027100
2 0.266724 0.502075 0.007568 0.028564
0 0.696167 0.540894 0.004150 0.005127
0 0.990356 0.461792 0.017334 0.020264
0 0.441406 0.617554 0.006348 0.004639
0 0.259766 0.526367 0.011230 0.009766
0 0.259766 0.537109 0.008301 0.009766
0 0.990601 0.416626 0.018311 0.021240
0 0.990356 0.440430 0.018799 0.020020
0 0.441772 0.612549 0.005615 0.006836
0 0.405640 0.509888 0.013428 0.044189
0 0.990479 0.486572 0.016113 0.017578
0 0.029907 0.772705 0.031494 0.016602
0 0.265259 0.521851 0.006104 0.011475
0 0.429565 0.473755 0.011963 0.005615
0 0.914185 0.470581 0.016846 0.011963
