0 0.941772 0.394897 0.077881 0.054443
0 0.296997 0.505859 0.004639 0.006348
0 0.521729 0.477661 0.004883 0.007568
0 0.606323 0.481567 0.002686 0.006104
0 0.495361 0.468140 0.003418 0.003174
0 0.501221 0.465820 0.003906 0.003418
0 0.569336 0.462402 0.003906 0.006836
0 0.489380 0.451294 0.005615 0.003174
0 0.569214 0.461670 0.003662 0.005859
3 0.667847 0.443481 0.026611 0.035889
0 0.937378 0.346802 0.075439 0.057373
3 0.478760 0.437988 0.007324 0.012207
0 0.932861 0.276001 0.080566 0.104248
3 0.577026 0.464966 0.012939 0.017334
0 0.510498 0.435181 0.023438 0.006592
0 0.508667 0.472168 0.003662 0.006348
0 0.260986 0.501587 0.003418 0.007080
