3 0.625122 0.558594 0.007080 0.010742
0 0.774658 0.017578 0.449219 0.035156
0 0.431152 0.557739 0.030273 0.016846
1 0.537720 0.573730 0.011475 0.023438
0 0.609009 0.545044 0.026123 0.049561
0 0.593506 0.558594 0.014160 0.026855
0 0.592896 0.540527 0.013916 0.011230
0 0.621460 0.594238 0.022705 0.050781
0 0.537720 0.558228 0.010986 0.006592
0 0.539429 0.590454 0.010010 0.007080
1 0.268799 0.578979 0.013184 0.021729
0 0.269043 0.562988 0.012695 0.008301
0 0.144775 0.546509 0.010254 0.019287
0 0.269043 0.595581 0.012695 0.008545
3 0.756714 0.558838 0.009521 0.012695
0 0.128784 0.546875 0.015869 0.018066
