4 0.565674 0.626953 0.014648 0.021973
0 0.911499 0.613403 0.008057 0.005615
0 0.703979 0.542725 0.021240 0.018555
0 0.002319 0.616211 0.004150 0.031738
0 0.732178 0.542358 0.030273 0.018799
0 0.760864 0.621948 0.026123 0.039795
3 0.881714 0.682617 0.020264 0.019531
0 0.880981 0.654419 0.022217 0.031006
0 0.880249 0.632812 0.019287 0.011230
0 0.575928 0.638306 0.008789 0.009521
3 0.356323 0.650024 0.018799 0.021729
3 0.346680 0.647339 0.011719 0.014893
0 0.948608 0.618408 0.016846 0.010254
0 0.347168 0.626099 0.013672 0.024170
0 0.347290 0.608521 0.011963 0.010010
0 0.576172 0.630493 0.009766 0.006592
0 0.644775 0.625000 0.011719 0.019531
3 0.926270 0.645630 0.006348 0.009521
0 0.347778 0.589233 0.027100 0.030518
3 0.926758 0.655396 0.007812 0.009033
0 0.954956 0.575439 0.026611 0.073242
0 0.879517 0.606812 0.044189 0.038330
3 0.326782 0.609131 0.023682 0.038086
3 0.356079 0.622192 0.018799 0.031982
0 0.911621 0.620605 0.005371 0.006836
0 0.476807 0.640381 0.002930 0.008789
