0 0.144531 0.480225 0.004883 0.009766
4 0.661011 0.486084 0.009521 0.018066
0 0.384888 0.497681 0.005127 0.015869
3 0.116089 0.500000 0.002197 0.004883
0 0.148193 0.495850 0.001465 0.004883
1 0.384644 0.520264 0.006592 0.006348
2 0.239380 0.490967 0.003662 0.012207
0 0.384766 0.514282 0.007324 0.005615
0 0.501587 0.494385 0.002686 0.008789
0 0.384521 0.508789 0.005371 0.005859
2 0.153320 0.492920 0.003418 0.007324
0 0.168091 0.490234 0.004150 0.008789
0 0.530151 0.498169 0.001221 0.006104
0 0.057251 0.462402 0.001709 0.012695
