3 0.301147 0.387329 0.011475 0.014893
0 0.078125 0.226196 0.058105 0.013428
0 0.070923 0.251465 0.108154 0.050293
0 0.183594 0.253662 0.098633 0.044922
0 0.037842 0.275391 0.004395 0.047363
0 0.026367 0.261963 0.018066 0.023926
0 0.299927 0.362305 0.005615 0.025391
0 0.290649 0.428345 0.007568 0.043213
0 0.208496 0.232544 0.042969 0.017334
0 0.342773 0.357300 0.005859 0.027100
0 0.780762 0.348877 0.006348 0.037109
0 0.520874 0.378418 0.007568 0.023438
0 0.542969 0.388306 0.008789 0.067627
0 0.783447 0.252319 0.019043 0.061768
0 0.888672 0.318237 0.007324 0.045166
0 0.022095 0.316162 0.006104 0.027832
0 0.739136 0.222412 0.042725 0.024414
3 0.711426 0.378540 0.006348 0.015381
0 0.326172 0.353516 0.021484 0.011719
