3 0.498413 0.676147 0.009521 0.011475
3 0.499634 0.722900 0.010986 0.015625
4 0.453857 0.697876 0.009766 0.011475
0 0.712158 0.688110 0.016602 0.022217
3 0.710449 0.660767 0.024902 0.032959
0 0.430420 0.701904 0.016113 0.016113
0 0.498535 0.680664 0.012695 0.024902
0 0.424927 0.701782 0.004150 0.004639
2 0.455566 0.707886 0.004395 0.007080
0 0.430664 0.697021 0.002930 0.004395
0 0.407959 0.705933 0.007324 0.006592
0 0.382202 0.708130 0.002686 0.003662
0 0.382446 0.711060 0.003662 0.003662
0 0.424927 0.707275 0.003662 0.004395
