3 0.048950 0.405884 0.021240 0.027588
3 0.048706 0.371216 0.020264 0.026123
3 0.862427 0.170532 0.011963 0.055420
3 0.860474 0.223877 0.011475 0.054199
2 0.634888 0.458618 0.012939 0.014404
0 0.116577 0.288452 0.036865 0.017822
0 0.881226 0.311157 0.016357 0.061279
0 0.844360 0.304443 0.021240 0.060547
0 0.939331 0.025269 0.018311 0.050049
0 0.908813 0.024048 0.032959 0.048096
0 0.513306 0.452271 0.003662 0.005127
2 0.213867 0.424561 0.010254 0.014160
0 0.145508 0.290405 0.013184 0.050537
0 0.048584 0.388428 0.014648 0.007812
