3 0.161255 0.654297 0.023193 0.012207
0 0.747314 0.648804 0.042969 0.023193
3 0.727417 0.665283 0.013428 0.006836
0 0.676270 0.660278 0.017090 0.021240
1 0.715332 0.666626 0.008789 0.007568
0 0.676636 0.659546 0.005127 0.006104
1 0.630615 0.675293 0.002930 0.007812
0 0.753418 0.643066 0.011230 0.028809
0 0.644165 0.676392 0.004150 0.004150
0 0.648438 0.682495 0.007812 0.009033
0 0.714111 0.634888 0.010254 0.007568
0 0.714233 0.641846 0.010498 0.005859
0 0.644409 0.671631 0.005127 0.005371
0 0.643799 0.664917 0.005371 0.009521
0 0.714478 0.647583 0.010498 0.006592
0 0.714844 0.656372 0.010742 0.013428
