3 0.175781 0.731201 0.023926 0.038086
0 0.241455 0.693237 0.018555 0.019287
0 0.126587 0.687744 0.007080 0.020020
0 0.062378 0.752441 0.009033 0.017578
0 0.163330 0.818848 0.006348 0.024902
0 0.087769 0.743530 0.007568 0.003662
0 0.157715 0.800171 0.013184 0.017334
0 0.047852 0.683716 0.013672 0.023193
0 0.087769 0.739746 0.007568 0.004883
0 0.177612 0.813232 0.003662 0.014648
0 0.182861 0.747314 0.009277 0.022949
0 0.148315 0.812500 0.003174 0.016602
0 0.185059 0.713867 0.007812 0.007324
4 0.339966 0.713623 0.050049 0.098633
0 0.241089 0.710571 0.018799 0.017822
0 0.222412 0.691284 0.019531 0.019287
0 0.241089 0.736938 0.019775 0.036377
0 0.221558 0.710083 0.019287 0.019287
1 0.240601 0.765991 0.016846 0.022705
0 0.221191 0.737671 0.020020 0.036865
0 0.841064 0.596191 0.065918 0.025391
0 0.149536 0.682007 0.024170 0.011475
0 0.297485 0.724365 0.041748 0.029785
1 0.220703 0.766724 0.017578 0.022705
0 0.198853 0.619751 0.035400 0.019287
3 0.754761 0.537598 0.039307 0.111328
0 0.182495 0.767822 0.006592 0.017090
