3 0.517822 0.640625 0.020020 0.036133
0 0.802246 0.696411 0.017090 0.010498
0 0.615479 0.665161 0.005859 0.014404
0 0.380005 0.602783 0.032959 0.061523
0 0.823364 0.706665 0.002686 0.007568
0 0.610107 0.663574 0.005371 0.015137
0 0.670776 0.677979 0.003662 0.011230
0 0.674316 0.677979 0.002930 0.010254
0 0.878296 0.725220 0.009033 0.008057
0 0.652832 0.682739 0.007812 0.015869
1 0.604614 0.995605 0.005615 0.007812
1 0.435791 0.712158 0.034180 0.054688
1 0.675415 0.720337 0.010010 0.016357
3 0.381226 0.593628 0.022705 0.031494
1 0.803833 0.726807 0.008057 0.012695
4 0.877686 0.713501 0.011719 0.014404
1 0.596680 0.718994 0.007324 0.026855
0 0.689331 0.515259 0.044189 0.023193
0 0.984497 0.721436 0.012939 0.008301
