2 0.597656 0.714355 0.018555 0.026367
3 0.258057 0.766235 0.008301 0.011963
4 0.793579 0.687256 0.057861 0.067871
0 0.279175 0.787720 0.007080 0.012939
4 0.320312 0.764526 0.011719 0.014404
0 0.480835 0.736816 0.031006 0.016113
0 0.377319 0.776733 0.051025 0.022705
0 0.599731 0.750244 0.019287 0.009766
1 0.599243 0.742188 0.018799 0.008789
0 0.377686 0.763306 0.011719 0.006592
0 0.257935 0.773315 0.010010 0.012939
1 0.598633 0.731567 0.018066 0.014404
2 0.489990 0.736328 0.006348 0.009766
0 0.234497 0.772461 0.008057 0.013184
