0 0.750732 0.681030 0.027344 0.033447
3 0.247925 0.710815 0.009521 0.010986
0 0.989868 0.638550 0.019775 0.046631
0 0.988037 0.592285 0.023438 0.040527
0 0.310181 0.672485 0.022217 0.006104
0 0.087280 0.677734 0.020264 0.037109
0 0.643188 0.717773 0.008545 0.011719
3 0.087402 0.669678 0.014160 0.017578
0 0.473145 0.729370 0.005371 0.003174
0 0.087158 0.685547 0.018066 0.007812
3 0.986450 0.583862 0.014893 0.018311
2 0.487061 0.733032 0.003418 0.006104
0 0.990723 0.648071 0.017090 0.017334
0 0.988403 0.602417 0.020264 0.008057
3 0.991455 0.627075 0.015625 0.019287
0 0.438599 0.716797 0.003174 0.009766
0 0.438843 0.714722 0.003174 0.004150
