0 0.576050 0.553711 0.005127 0.006836
0 0.665771 0.562500 0.002930 0.005371
0 0.694702 0.559082 0.003174 0.005859
0 0.576294 0.564453 0.004639 0.013184
0 0.656372 0.565674 0.003662 0.004395
0 0.665527 0.554688 0.003906 0.005859
0 0.558716 0.566040 0.003662 0.004639
0 0.553101 0.565308 0.003662 0.004150
0 0.457520 0.565552 0.002930 0.004639
2 0.393433 0.553711 0.006104 0.006836
3 0.393555 0.561401 0.005371 0.006592
0 0.266968 0.559570 0.005615 0.007812
0 0.319458 0.563721 0.004639 0.006348
2 0.319458 0.556396 0.006104 0.008789
0 0.699341 0.505371 0.018799 0.036621
3 0.574463 0.577637 0.003906 0.006348
0 0.671143 0.559204 0.002441 0.004150
0 0.671387 0.568726 0.003418 0.010498
