3 0.513428 0.655762 0.011230 0.014648
4 0.653809 0.666016 0.008301 0.010254
4 0.694092 0.640015 0.016113 0.019775
3 0.831909 0.546265 0.039795 0.064209
0 0.424438 0.576294 0.025635 0.010010
3 0.513184 0.639404 0.009766 0.017578
3 0.425537 0.602661 0.005371 0.023193
3 0.798950 0.640381 0.007080 0.020996
0 0.635376 0.667725 0.005615 0.007812
0 0.255981 0.646729 0.009521 0.008301
0 0.425049 0.620728 0.004883 0.010498
0 0.424805 0.585449 0.008301 0.008789
3 0.928955 0.602295 0.007812 0.014648
0 0.671143 0.663452 0.007324 0.010986
