3 0.401978 0.498291 0.005127 0.012207
0 0.716919 0.490601 0.008545 0.012939
0 0.412598 0.495117 0.007324 0.012207
0 0.687744 0.464478 0.012207 0.004150
0 0.109863 0.499390 0.008789 0.010010
0 0.874512 0.496704 0.009277 0.015381
0 0.435791 0.495972 0.017090 0.009033
0 0.210693 0.497192 0.008789 0.012939
0 0.436157 0.483887 0.017822 0.004883
0 0.107178 0.508057 0.007324 0.007324
0 0.436157 0.479248 0.017822 0.004395
0 0.435791 0.489258 0.017090 0.004395
0 0.687988 0.475952 0.012207 0.005127
2 0.684204 0.482056 0.008545 0.009521
3 0.863647 0.491455 0.007568 0.009277
0 0.756104 0.482788 0.041016 0.032959
0 0.436279 0.474243 0.017578 0.005615
0 0.289795 0.481445 0.032715 0.028320
3 0.684692 0.490967 0.007080 0.007324
3 0.845459 0.502563 0.010742 0.012939
0 0.687866 0.468018 0.012451 0.004883
0 0.687988 0.472046 0.012207 0.004150
