0 0.758667 0.572266 0.109131 0.078613
0 0.547363 0.635376 0.008789 0.006104
0 0.566040 0.681152 0.014404 0.004395
0 0.543457 0.660400 0.008301 0.005859
0 0.552490 0.659424 0.008789 0.005859
0 0.499512 0.678467 0.002441 0.004395
0 0.511108 0.682007 0.006104 0.007568
1 0.433105 0.649780 0.006348 0.010498
0 0.543701 0.668091 0.010254 0.010010
0 0.547974 0.642822 0.010010 0.010254
0 0.547974 0.652100 0.007080 0.006836
1 0.543457 0.677002 0.006836 0.005859
0 0.553345 0.667725 0.010010 0.010254
1 0.553711 0.675903 0.006348 0.006104
