0 0.464478 0.708862 0.011475 0.019287
3 0.866211 0.682739 0.009766 0.012451
0 0.828247 0.654419 0.052979 0.022217
0 0.430542 0.639893 0.014404 0.019531
0 0.866089 0.690063 0.011475 0.027588
0 0.803101 0.711548 0.005127 0.007080
0 0.862549 0.640137 0.022461 0.028320
0 0.463745 0.686279 0.014404 0.015137
0 0.861572 0.660645 0.021484 0.019043
0 0.761841 0.726440 0.005127 0.008545
0 0.566895 0.685303 0.006836 0.010254
0 0.140137 0.517456 0.031250 0.064209
0 0.130981 0.475830 0.052979 0.034668
0 0.497803 0.663696 0.005371 0.018311
0 0.493164 0.663330 0.006348 0.019531
0 0.802856 0.716187 0.005615 0.015869
