0 0.714600 0.584229 0.014160 0.021484
0 0.456421 0.540405 0.023193 0.011475
0 0.456543 0.562012 0.022949 0.011230
0 0.629150 0.530884 0.034180 0.014404
0 0.411499 0.559692 0.016357 0.008545
0 0.410034 0.550537 0.018311 0.009277
0 0.393188 0.560669 0.013428 0.007080
0 0.458374 0.551147 0.025635 0.009033
0 0.393433 0.551392 0.011475 0.009033
0 0.375977 0.572021 0.009277 0.012207
0 0.643188 0.547974 0.007568 0.019775
3 0.717651 0.612793 0.015869 0.021973
0 0.676758 0.570190 0.008789 0.012451
3 0.446777 0.584473 0.010742 0.014160
0 0.676392 0.556885 0.007080 0.011230
4 0.734863 0.548584 0.022949 0.028809
0 0.530273 0.570190 0.009277 0.012451
0 0.396118 0.569092 0.011963 0.009277
