0 0.507568 0.387817 0.014648 0.009521
3 0.067139 0.180542 0.086914 0.110107
0 0.702881 0.322388 0.009277 0.004150
0 0.483643 0.450562 0.006348 0.008057
0 0.484253 0.445068 0.008057 0.002930
0 0.478394 0.454956 0.004150 0.006104
0 0.604980 0.338867 0.008301 0.004395
3 0.071167 0.093384 0.086670 0.066650
0 0.140259 0.370117 0.011475 0.037598
0 0.483887 0.438965 0.007324 0.007812
0 0.398071 0.350342 0.016357 0.055176
0 0.483521 0.456665 0.006104 0.003174
0 0.306152 0.241089 0.030273 0.098877
1 0.521729 0.435791 0.012207 0.010254
0 0.987915 0.402344 0.011963 0.036133
0 0.365723 0.414795 0.005859 0.021484
2 0.061523 0.291870 0.086426 0.112549
3 0.073364 0.030029 0.055420 0.060059
0 0.661255 0.469971 0.015381 0.019531
0 0.385254 0.425537 0.012207 0.021973
3 0.398071 0.357788 0.009521 0.012451
0 0.378906 0.439819 0.015137 0.081299
0 0.641479 0.467896 0.012451 0.007568
0 0.479004 0.460205 0.004883 0.003906
