3 0.415405 0.462280 0.023682 0.035889
0 0.515747 0.617188 0.009521 0.046875
0 0.368042 0.600586 0.003174 0.016113
0 0.857056 0.720093 0.074951 0.257568
0 0.337402 0.606567 0.005371 0.023682
0 0.297363 0.612671 0.006836 0.034424
0 0.475830 0.605835 0.005371 0.026611
0 0.042847 0.623535 0.009521 0.040527
0 0.482666 0.607910 0.006348 0.028320
0 0.468506 0.604492 0.004883 0.022949
0 0.490356 0.609863 0.006592 0.031738
0 0.464966 0.604492 0.004639 0.022949
0 0.355591 0.602905 0.004150 0.020264
0 0.499634 0.612549 0.009033 0.037109
0 0.394287 0.597900 0.002930 0.012695
3 0.359497 0.466187 0.023193 0.034912
0 0.605957 0.455200 0.042969 0.022217
0 0.595947 0.514404 0.075684 0.098633
0 0.196045 0.628906 0.013672 0.061035
0 0.380249 0.598145 0.003174 0.014160
