3 0.670532 0.293335 0.009521 0.015869
3 0.440552 0.293945 0.004639 0.008301
0 0.464722 0.309692 0.005615 0.010010
3 0.528687 0.305542 0.006104 0.010498
0 0.915283 0.301758 0.003906 0.006836
0 0.647583 0.325073 0.013916 0.014893
0 0.459229 0.309692 0.004395 0.009033
0 0.516357 0.319458 0.005859 0.012451
0 0.459106 0.300415 0.005127 0.009033
0 0.625244 0.263550 0.021484 0.028076
4 0.464844 0.299561 0.005859 0.010742
0 0.787842 0.208008 0.145508 0.115723
3 0.732422 0.295532 0.006348 0.010986
4 0.661743 0.232788 0.028076 0.042725
0 0.648193 0.284424 0.009766 0.016602
0 0.517090 0.307129 0.005859 0.010254
0 0.528320 0.317627 0.006348 0.013672
