0 0.291382 0.719971 0.017334 0.008301
0 0.800171 0.480713 0.069580 0.073730
0 0.510620 0.701660 0.006592 0.012695
0 0.444702 0.619019 0.043213 0.035400
0 0.344238 0.690430 0.010254 0.015137
3 0.344727 0.707886 0.011230 0.019287
3 0.345215 0.736206 0.010254 0.013916
0 0.467041 0.576172 0.017578 0.022949
0 0.578491 0.692505 0.006104 0.011475
0 0.585693 0.670288 0.016113 0.029053
0 0.682983 0.679932 0.020752 0.020020
0 0.684814 0.698242 0.013184 0.019043
0 0.739136 0.625732 0.011475 0.025879
0 0.685913 0.712524 0.013916 0.008057
3 0.686890 0.723145 0.011475 0.012207
0 0.432617 0.613281 0.015137 0.017090
3 0.405762 0.712402 0.003906 0.006348
0 0.581177 0.662720 0.004639 0.007080
