3 0.405151 0.632568 0.010010 0.014160
3 0.973755 0.419800 0.052002 0.088135
0 0.408325 0.584961 0.013428 0.023438
0 0.575684 0.595581 0.014160 0.024658
0 0.913818 0.354736 0.108398 0.041992
0 0.754272 0.525757 0.126221 0.189697
0 0.104248 0.570679 0.007812 0.028564
0 0.109985 0.598267 0.013428 0.016846
0 0.971680 0.503540 0.056152 0.079346
0 0.410645 0.608276 0.003418 0.006592
2 0.720825 0.473145 0.009033 0.012207
0 0.108643 0.585938 0.015625 0.006836
3 0.766479 0.540894 0.027100 0.037842
3 0.416016 0.630371 0.009766 0.013672
