3 0.601685 0.497192 0.011963 0.015381
0 0.787842 0.491821 0.015625 0.006592
0 0.731323 0.493530 0.014893 0.007568
0 0.567993 0.411987 0.035889 0.044678
0 0.628418 0.406250 0.038086 0.043945
0 0.696899 0.398682 0.038330 0.044922
0 0.770264 0.395264 0.041016 0.046875
0 0.836670 0.389771 0.041016 0.046143
0 0.902832 0.385986 0.042969 0.045410
1 0.673340 0.480469 0.012207 0.008301
1 0.600586 0.484619 0.012207 0.009277
0 0.602295 0.515137 0.007812 0.020996
0 0.983887 0.380981 0.031738 0.047119
0 0.948486 0.469971 0.012207 0.013672
1 0.755493 0.476929 0.013428 0.007568
0 0.674683 0.512329 0.008545 0.021729
0 0.756592 0.508179 0.008789 0.021240
0 0.842407 0.503784 0.009033 0.021729
0 0.922607 0.499268 0.008789 0.022461
0 0.921509 0.465820 0.015869 0.008301
0 0.755005 0.464966 0.013916 0.016846
0 0.672363 0.468384 0.012695 0.016357
0 0.599976 0.472900 0.010986 0.015137
4 0.806396 0.477051 0.012207 0.012695
3 0.921631 0.479004 0.015137 0.016113
3 0.920044 0.452637 0.015869 0.016602
3 0.755859 0.489746 0.014160 0.016602
3 0.842163 0.483521 0.013428 0.015869
3 0.673950 0.493164 0.012451 0.016113
3 0.841064 0.457520 0.013184 0.017090
4 0.533569 0.493164 0.008545 0.010742
0 0.841309 0.470825 0.014648 0.009033
