3 0.856201 0.550659 0.010254 0.026611
2 0.120361 0.475952 0.002441 0.007080
0 0.655396 0.501221 0.004639 0.009277
0 0.977417 0.491577 0.002686 0.004639
0 0.908569 0.494019 0.001709 0.003662
0 0.664185 0.501343 0.002686 0.004639
0 0.577393 0.513916 0.001465 0.011719
0 0.538574 0.489624 0.005859 0.005615
0 0.664307 0.502930 0.003906 0.009766
0 0.908447 0.495361 0.001953 0.007324
0 0.026489 0.491821 0.002197 0.004639
0 0.433716 0.520508 0.003174 0.020508
0 0.121826 0.504639 0.003418 0.007812
0 0.655396 0.508301 0.002197 0.004395
0 0.664307 0.510742 0.001953 0.006836
0 0.120483 0.478760 0.003174 0.013184
