0 0.538208 0.586914 0.031982 0.032715
0 0.549683 0.578003 0.006104 0.007568
2 0.479248 0.587280 0.006348 0.006104
0 0.411499 0.641724 0.001709 0.002197
0 0.578125 0.644287 0.003418 0.007324
0 0.496216 0.577881 0.005127 0.007812
0 0.458740 0.641968 0.002441 0.001709
0 0.453491 0.647339 0.005127 0.005127
0 0.420654 0.641846 0.001953 0.002441
0 0.479126 0.649414 0.005615 0.006348
0 0.453003 0.655518 0.001709 0.006348
0 0.492798 0.658081 0.000732 0.003662
0 0.421265 0.651489 0.002197 0.003662
0 0.565796 0.624390 0.010498 0.007568
0 0.595093 0.641479 0.008057 0.013916
0 0.547485 0.567261 0.012451 0.007080
0 0.626343 0.616455 0.016357 0.010742
0 0.488159 0.587036 0.048096 0.031982
0 0.559326 0.646606 0.005859 0.008057
0 0.431152 0.648315 0.002441 0.004639
0 0.767578 0.639526 0.007812 0.013916
