4 0.296509 0.712158 0.011475 0.018555
0 0.528320 0.657959 0.031250 0.034180
0 0.616089 0.682739 0.006592 0.011475
4 0.421265 0.692261 0.014893 0.026123
0 0.478760 0.649780 0.014160 0.022217
0 0.461914 0.649048 0.016602 0.024170
0 0.326050 0.656738 0.007568 0.012207
3 0.746582 0.700684 0.011719 0.007324
0 0.355957 0.625977 0.009277 0.012207
1 0.404907 0.744141 0.008545 0.014648
3 0.651855 0.695923 0.012695 0.008057
0 0.321533 0.637939 0.006348 0.010254
0 0.747437 0.713501 0.005127 0.016846
0 0.343750 0.645020 0.052734 0.056641
3 0.735107 0.694824 0.006836 0.015137
