0 0.579102 0.620361 0.009766 0.002930
0 0.579590 0.626465 0.013184 0.009277
0 0.595093 0.625854 0.014893 0.009033
0 0.584351 0.640381 0.011963 0.007812
0 0.584961 0.635742 0.006348 0.002930
0 0.485962 0.622437 0.025146 0.033936
3 0.568848 0.478638 0.027832 0.033936
0 0.333862 0.607300 0.064697 0.038818
0 0.162842 0.608154 0.074707 0.041016
3 0.165771 0.551270 0.057129 0.073242
0 0.331909 0.607910 0.014404 0.019043
0 0.351440 0.607056 0.014893 0.019287
3 0.485596 0.612915 0.007812 0.010498
0 0.629272 0.639771 0.004150 0.005615
0 0.629517 0.645142 0.004150 0.004639
0 0.604492 0.647705 0.005859 0.007812
