0 0.218384 0.707153 0.009521 0.003662
0 0.140625 0.711304 0.008789 0.005615
0 0.140259 0.705566 0.003174 0.007812
3 0.290649 0.702637 0.007080 0.007812
0 0.290771 0.709229 0.004883 0.004883
3 0.228271 0.696899 0.006348 0.009521
3 0.227417 0.705811 0.003662 0.007812
3 0.417847 0.715088 0.009033 0.017090
0 0.457031 0.713501 0.001953 0.003662
3 0.462891 0.697266 0.002930 0.005371
0 0.463135 0.702148 0.002930 0.004395
3 0.512085 0.694214 0.009033 0.012451
3 0.512573 0.705078 0.007080 0.009766
0 0.550415 0.682373 0.018799 0.026367
3 0.779419 0.563965 0.049561 0.064941
0 0.012451 0.714966 0.006836 0.005127
0 0.488403 0.711914 0.001709 0.004395
