3 0.313354 0.654053 0.009033 0.016113
0 0.305908 0.627930 0.021484 0.005859
0 0.306885 0.633301 0.020508 0.004883
0 0.468506 0.636108 0.005371 0.006592
3 0.961914 0.624023 0.005859 0.007812
0 0.466797 0.646240 0.003418 0.007812
0 0.538452 0.633301 0.005127 0.006836
2 0.879395 0.601807 0.005859 0.009766
0 0.541626 0.613403 0.008057 0.011475
0 0.882812 0.610107 0.014648 0.026855
0 0.538696 0.626465 0.007080 0.007324
0 0.244507 0.615723 0.005127 0.012207
2 0.776123 0.570312 0.014648 0.028320
0 0.421265 0.624268 0.008545 0.011719
0 0.242798 0.629028 0.009521 0.013428
2 0.008179 0.637695 0.013428 0.017578
3 0.880615 0.583618 0.022461 0.027100
2 0.475342 0.560059 0.012695 0.016602
3 0.575317 0.592651 0.016357 0.022705
3 0.304932 0.654785 0.007324 0.016602
3 0.591309 0.591187 0.012207 0.029541
3 0.593506 0.619385 0.008301 0.025879
0 0.306519 0.638794 0.020264 0.005615
