0 0.973755 0.462524 0.051514 0.055908
4 0.491455 0.569580 0.009277 0.010254
0 0.309692 0.513550 0.039307 0.050537
0 0.624512 0.212646 0.563477 0.303711
3 0.167236 0.578613 0.010254 0.014160
4 0.967407 0.401978 0.052002 0.052490
4 0.306519 0.456787 0.038818 0.047852
4 0.568970 0.563721 0.010010 0.010254
0 0.491455 0.576538 0.009766 0.004639
0 0.137085 0.502197 0.054932 0.108887
0 0.569580 0.570801 0.009766 0.003418
0 0.398071 0.561768 0.028076 0.020020
0 0.706177 0.556152 0.018799 0.014648
4 0.528931 0.566650 0.009521 0.011230
0 0.510376 0.569702 0.005127 0.005127
0 0.642700 0.559204 0.029053 0.010986
