3 0.778442 0.485596 0.014404 0.023926
0 0.414185 0.526367 0.005127 0.003418
0 0.674683 0.519409 0.003662 0.004639
0 0.820190 0.472900 0.021729 0.038574
0 0.539795 0.439453 0.018555 0.012207
0 0.539673 0.458618 0.017334 0.025635
0 0.414185 0.530762 0.004639 0.004883
0 0.508301 0.473633 0.009766 0.017578
0 0.878052 0.500366 0.024658 0.036865
0 0.540405 0.479370 0.016357 0.014893
4 0.684448 0.516724 0.006104 0.007080
3 0.447021 0.515381 0.007812 0.013184
3 0.370972 0.500366 0.006592 0.010986
4 0.649292 0.495972 0.016357 0.021240
0 0.466309 0.517822 0.008301 0.003418
0 0.649902 0.511963 0.010742 0.005371
