4 0.790649 0.316162 0.009521 0.013672
3 0.592896 0.334106 0.003174 0.006104
3 0.687256 0.321411 0.013672 0.024170
0 0.604004 0.320068 0.008789 0.014648
4 0.604370 0.334595 0.008545 0.013428
3 0.930664 0.318237 0.010254 0.013428
0 0.790283 0.301636 0.009277 0.014893
0 0.722778 0.309082 0.021240 0.023926
0 0.723511 0.326660 0.021240 0.007812
0 0.604858 0.343628 0.006592 0.004639
0 0.790405 0.325439 0.007080 0.004395
3 0.644653 0.328369 0.004639 0.006348
0 0.644653 0.334473 0.003174 0.005859
0 0.931519 0.298096 0.016357 0.024902
0 0.650391 0.333618 0.004395 0.007080
