0 0.431274 0.847412 0.006104 0.006836
0 0.451416 0.848267 0.011230 0.011963
0 0.461548 0.847412 0.009033 0.010254
0 0.494873 0.856323 0.002441 0.010986
0 0.880737 0.767822 0.148682 0.182617
0 0.464600 0.810425 0.032715 0.036865
0 0.531860 0.812866 0.028564 0.038330
0 0.426270 0.858765 0.013672 0.006104
0 0.544922 0.862549 0.005859 0.006348
0 0.440674 0.815552 0.010254 0.016846
0 0.495361 0.805054 0.005859 0.009033
0 0.460449 0.803223 0.006348 0.009277
0 0.531738 0.806641 0.007812 0.009766
0 0.905640 0.769043 0.015381 0.021973
0 0.913208 0.824341 0.016357 0.022217
2 0.901245 0.704102 0.016846 0.026367
0 0.920044 0.705566 0.018799 0.021484
0 0.838379 0.728638 0.014648 0.020752
