3 0.609253 0.584595 0.011963 0.015869
3 0.431763 0.567627 0.006592 0.007812
3 0.728882 0.543823 0.018311 0.022705
3 0.729614 0.564697 0.013428 0.018066
3 0.696411 0.474854 0.005127 0.043945
3 0.349487 0.536255 0.018799 0.025146
0 0.671509 0.576172 0.022217 0.038574
0 0.469727 0.578003 0.005371 0.007568
0 0.469849 0.583984 0.005615 0.004395
0 0.674072 0.602661 0.019531 0.014404
0 0.913452 0.578125 0.004639 0.004395
0 0.667725 0.547119 0.019043 0.017090
0 0.609253 0.603149 0.010498 0.019775
0 0.506104 0.562866 0.013672 0.011475
0 0.914551 0.587280 0.005371 0.011963
0 0.745605 0.586670 0.025391 0.010254
