0 0.540771 0.421509 0.014648 0.013916
3 0.342773 0.375977 0.010742 0.021973
3 0.555298 0.389893 0.004639 0.007324
3 0.372925 0.368530 0.010010 0.011963
3 0.199951 0.344116 0.012695 0.014893
3 0.555420 0.397217 0.004883 0.007324
0 0.164185 0.365356 0.010498 0.021729
0 0.385986 0.385254 0.008789 0.016602
3 0.407104 0.393311 0.008057 0.011719
0 0.608887 0.434204 0.018066 0.034424
3 0.541382 0.404541 0.012939 0.018555
0 0.406738 0.383911 0.004395 0.005615
3 0.549805 0.391235 0.004395 0.007568
4 0.386719 0.422974 0.007324 0.016357
0 0.475464 0.404175 0.003174 0.010010
0 0.472778 0.402710 0.004639 0.006104
0 0.386597 0.435913 0.007568 0.011475
4 0.971558 0.368530 0.042236 0.055908
0 0.550171 0.385132 0.005127 0.005127
0 0.969238 0.433594 0.021973 0.026855
0 0.199707 0.354614 0.012695 0.004639
0 0.472534 0.407959 0.004150 0.004883
0 0.550171 0.380005 0.002197 0.003662
0 0.472900 0.412964 0.002930 0.004150
0 0.372925 0.376221 0.008057 0.004395
0 0.164185 0.366821 0.008057 0.010498
0 0.385864 0.386719 0.006104 0.008301
4 0.609131 0.428223 0.011230 0.014648
