2 0.306030 0.665405 0.016846 0.014893
4 0.859253 0.453369 0.072510 0.085449
2 0.440430 0.678467 0.022461 0.022949
3 0.196899 0.662842 0.010010 0.013672
1 0.861816 0.506104 0.056641 0.042480
3 0.334351 0.648315 0.011963 0.007080
2 0.039429 0.707031 0.032471 0.027832
0 0.044067 0.665894 0.024170 0.009521
0 0.209961 0.676025 0.006836 0.007812
3 0.123047 0.703003 0.006348 0.008545
0 0.311890 0.681885 0.006104 0.007324
0 0.333496 0.660156 0.003418 0.005371
0 0.455933 0.643188 0.032959 0.011963
0 0.453857 0.653442 0.018066 0.006592
0 0.305908 0.679443 0.006836 0.005371
