0 0.270142 0.510498 0.077393 0.053711
0 0.643066 0.566040 0.003906 0.017334
3 0.702271 0.560425 0.024170 0.027588
0 0.609985 0.579956 0.014893 0.019287
0 0.365967 0.583496 0.007324 0.013184
0 0.368408 0.571533 0.008789 0.012695
3 0.379883 0.596069 0.008789 0.011475
3 0.380249 0.584595 0.009033 0.010010
0 0.425415 0.592896 0.008057 0.009521
3 0.425537 0.583008 0.007324 0.009766
0 0.414307 0.582520 0.015137 0.020020
3 0.371094 0.562134 0.024902 0.028564
3 0.702881 0.531494 0.022949 0.030273
3 0.371704 0.532104 0.024658 0.031982
0 0.095581 0.197632 0.191162 0.395264
0 0.585938 0.591431 0.007812 0.010010
3 0.425537 0.571411 0.009277 0.010010
