1 0.501099 0.665283 0.005127 0.004883
0 0.499756 0.671021 0.002441 0.004639
3 0.330933 0.626099 0.008057 0.006104
0 0.234375 0.652222 0.002930 0.007080
0 0.501099 0.661377 0.007568 0.002930
0 0.308350 0.658081 0.003418 0.008057
3 0.303711 0.631104 0.012695 0.007812
3 0.303711 0.647705 0.001953 0.019531
0 0.329956 0.637451 0.003662 0.004395
0 0.318237 0.654785 0.001709 0.009277
0 0.436768 0.653931 0.004883 0.002686
0 0.611572 0.593384 0.008301 0.021729
0 0.618042 0.620728 0.018311 0.033447
0 0.617065 0.594849 0.018799 0.019775
1 0.620972 0.648804 0.017822 0.019775
