2 0.382812 0.656982 0.013672 0.020508
2 0.628174 0.652222 0.015625 0.019775
0 0.628784 0.657471 0.019287 0.037109
0 0.381958 0.662109 0.017334 0.035156
3 0.578979 0.669800 0.008545 0.010498
0 0.453247 0.700806 0.007568 0.034424
0 0.426147 0.706909 0.010498 0.050049
0 0.468628 0.697876 0.006104 0.026123
0 0.552979 0.679565 0.003418 0.005615
0 0.485596 0.694214 0.004883 0.018311
0 0.362061 0.724609 0.020996 0.084473
0 0.549561 0.683105 0.004395 0.006836
3 0.487793 0.671509 0.007812 0.010986
0 0.478638 0.695312 0.005127 0.020508
