3 0.906128 0.353149 0.100342 0.072510
3 0.890869 0.531372 0.053711 0.049561
4 0.678955 0.586792 0.013672 0.017822
0 0.866943 0.440674 0.015625 0.028320
0 0.926392 0.405884 0.085693 0.035889
0 0.653809 0.600220 0.007324 0.005615
0 0.911133 0.484985 0.042480 0.061768
0 0.809937 0.596680 0.007568 0.013184
0 0.694092 0.595215 0.006348 0.012207
0 0.669067 0.586182 0.012451 0.004883
0 0.156128 0.656372 0.004639 0.008057
0 0.562622 0.601196 0.007568 0.010986
0 0.663208 0.596802 0.006104 0.006104
0 0.586426 0.612915 0.003418 0.005127
