3 0.273193 0.598145 0.018555 0.016113
3 0.763916 0.374390 0.020508 0.032959
2 0.273193 0.572266 0.026367 0.033203
1 0.915405 0.596802 0.024658 0.021729
1 0.306396 0.589355 0.016602 0.015625
0 0.307129 0.567749 0.025391 0.025635
1 0.912109 0.536621 0.023926 0.023926
0 0.909546 0.506836 0.030518 0.040039
0 0.913330 0.566162 0.029785 0.040039
0 0.908325 0.478271 0.026611 0.022949
0 0.807617 0.631104 0.012695 0.013672
0 0.763306 0.648804 0.008545 0.006104
1 0.808838 0.641479 0.009277 0.008545
0 0.764038 0.656494 0.008545 0.009766
0 0.575928 0.637695 0.010254 0.004883
