0 0.903931 0.570435 0.009521 0.013428
0 0.905640 0.595581 0.010498 0.005615
3 0.904785 0.584106 0.010742 0.012939
3 0.260254 0.619873 0.013184 0.017578
0 0.261353 0.645508 0.004150 0.017090
0 0.458130 0.586670 0.014893 0.037598
0 0.427612 0.614258 0.002686 0.005371
0 0.906128 0.603394 0.010010 0.006592
0 0.364624 0.622803 0.004150 0.004395
0 0.364746 0.628296 0.004395 0.004150
0 0.345093 0.622559 0.004639 0.003418
0 0.345459 0.617065 0.005371 0.007080
0 0.344849 0.610474 0.005127 0.007080
2 0.517090 0.456177 0.040527 0.053467
0 0.506714 0.603149 0.005615 0.004639
0 0.427734 0.607422 0.005371 0.007324
0 0.261108 0.631714 0.004150 0.006104
