0 0.252075 0.655151 0.002197 0.004639
0 0.227173 0.653198 0.002686 0.005615
0 0.206909 0.649048 0.005615 0.011475
0 0.162598 0.646973 0.005371 0.011230
0 0.331787 0.658447 0.002930 0.003418
0 0.332153 0.655518 0.002686 0.002930
0 0.343506 0.657837 0.003418 0.003662
0 0.255127 0.655640 0.001953 0.004150
0 0.395264 0.655518 0.003906 0.004395
0 0.364502 0.658691 0.003418 0.010254
3 0.362305 0.668945 0.003906 0.005859
0 0.589722 0.397095 0.126221 0.077393
0 0.375977 0.340332 0.155762 0.099609
0 0.435181 0.649170 0.021729 0.015625
0 0.433105 0.634277 0.011230 0.015137
0 0.364868 0.648926 0.004639 0.006348
0 0.343994 0.652710 0.004395 0.005615
0 0.241577 0.653198 0.002686 0.005615
