0 0.798218 0.457642 0.029541 0.040771
4 0.568848 0.503540 0.015137 0.019775
3 0.421021 0.481323 0.018799 0.024658
3 0.639282 0.496216 0.018311 0.025635
3 0.422119 0.455322 0.020996 0.026367
3 0.516968 0.512207 0.007568 0.008789
3 0.460205 0.514771 0.005371 0.007568
3 0.457275 0.524170 0.005371 0.007324
3 0.516235 0.520630 0.005127 0.008057
0 0.640991 0.477661 0.026611 0.010010
1 0.795776 0.495117 0.028076 0.038086
0 0.405884 0.488159 0.017334 0.018311
0 0.694336 0.533691 0.003906 0.005371
0 0.448608 0.513916 0.003174 0.006348
0 0.493286 0.517700 0.002686 0.005127
0 0.371338 0.507568 0.002930 0.003906
