3 0.654053 0.548706 0.030762 0.040283
0 0.558105 0.672729 0.005371 0.007080
0 0.606079 0.650146 0.004639 0.006348
0 0.609253 0.657349 0.005127 0.007080
0 0.578979 0.645508 0.007568 0.015625
0 0.596680 0.657715 0.004883 0.007812
0 0.602539 0.657715 0.004883 0.007324
2 0.220825 0.603027 0.009033 0.012695
0 0.660522 0.625610 0.011963 0.015381
0 0.684204 0.618164 0.006104 0.012695
0 0.684204 0.626709 0.005127 0.005371
0 0.956665 0.521606 0.061279 0.026611
2 0.932495 0.525269 0.007568 0.009521
0 0.933105 0.491211 0.059082 0.047852
0 0.495483 0.629150 0.007568 0.012207
0 0.388794 0.615967 0.013428 0.011230
0 0.947510 0.574219 0.017090 0.016602
4 0.657959 0.670288 0.041016 0.046143
2 0.221558 0.553101 0.009033 0.012451
0 0.239868 0.602661 0.052979 0.020752
2 0.221191 0.578003 0.008789 0.012451
0 0.240356 0.577759 0.052490 0.020752
4 0.626099 0.673340 0.040283 0.047363
3 0.683228 0.601562 0.005615 0.012695
0 0.240723 0.552734 0.052734 0.020996
0 0.963501 0.547363 0.071533 0.037598
0 0.495117 0.642212 0.007812 0.010986
4 0.189453 0.705444 0.034668 0.041748
0 0.790039 0.654541 0.019531 0.035156
0 0.598877 0.650879 0.004883 0.007324
