0 0.550171 0.468506 0.089600 0.085938
0 0.809448 0.506104 0.006592 0.010254
0 0.820435 0.505005 0.011963 0.016846
0 0.926025 0.486450 0.023926 0.013428
0 0.727783 0.499756 0.006348 0.006348
0 0.727051 0.493286 0.005859 0.006104
0 0.789917 0.516235 0.019775 0.016846
0 0.113159 0.493164 0.044678 0.044922
0 0.656616 0.491943 0.128662 0.071289
0 0.911011 0.500610 0.011963 0.015381
0 0.932373 0.500854 0.015137 0.014893
0 0.801636 0.501343 0.007568 0.004150
0 0.756836 0.507568 0.009766 0.014160
0 0.082275 0.515259 0.022949 0.020264
3 0.120239 0.516968 0.026123 0.020264
0 0.653076 0.422974 0.101074 0.053467
0 0.456543 0.496582 0.035156 0.035645
0 0.455811 0.522217 0.033691 0.016113
3 0.906128 0.501343 0.010010 0.012451
0 0.896240 0.504272 0.010254 0.014893
0 0.885254 0.504028 0.015625 0.010498
