3 0.689331 0.647583 0.012939 0.016357
0 0.602661 0.686157 0.007080 0.005127
0 0.820923 0.595581 0.021729 0.014404
0 0.755127 0.677612 0.004395 0.008545
0 0.516602 0.687256 0.003906 0.003906
0 0.819824 0.584229 0.025391 0.009277
0 0.688965 0.660156 0.010742 0.006348
0 0.821899 0.613647 0.025146 0.021729
3 0.615601 0.671387 0.008057 0.011230
0 0.633179 0.657715 0.006592 0.010742
0 0.502930 0.685791 0.003418 0.006348
0 0.502563 0.679321 0.003662 0.006592
0 0.602905 0.678711 0.006592 0.008301
0 0.270264 0.570435 0.011230 0.005127
0 0.596191 0.673340 0.006348 0.007324
0 0.517212 0.682129 0.005127 0.007812
3 0.909424 0.514771 0.018555 0.030029
3 0.828003 0.551880 0.045166 0.056885
3 0.344604 0.586548 0.008057 0.019287
3 0.451050 0.649048 0.013916 0.017822
0 0.342651 0.609009 0.015869 0.023682
4 0.688599 0.627441 0.018799 0.023438
0 0.450195 0.628906 0.019531 0.022461
0 0.270264 0.560547 0.036133 0.014648
3 0.597046 0.680908 0.004150 0.005859
0 0.450073 0.662109 0.009521 0.008301
0 0.597168 0.685669 0.003906 0.002197
