3 0.546753 0.456909 0.005127 0.007568
3 0.572266 0.424316 0.010742 0.014648
3 0.572632 0.439819 0.011475 0.015869
2 0.467407 0.434082 0.007568 0.010742
2 0.516602 0.428101 0.008301 0.011475
2 0.445435 0.473022 0.007080 0.010986
2 0.541260 0.466919 0.008301 0.010498
1 0.573120 0.451904 0.011475 0.007812
3 0.375366 0.472412 0.013916 0.006836
0 0.371704 0.463257 0.006104 0.017822
0 0.556641 0.471558 0.005859 0.003662
0 0.526367 0.492188 0.004883 0.009277
0 0.526001 0.472778 0.004639 0.009033
0 0.549194 0.469727 0.004639 0.011719
2 0.549194 0.467163 0.003662 0.004639
2 0.372070 0.458008 0.004395 0.005371
