3 0.464844 0.457886 0.015625 0.021240
2 0.465088 0.433350 0.015137 0.020508
2 0.307861 0.412720 0.015137 0.019775
2 0.627686 0.431885 0.015137 0.019043
3 0.609863 0.453613 0.003418 0.015137
0 0.597534 0.453491 0.033936 0.008545
0 0.541870 0.455322 0.004639 0.005859
0 0.472534 0.487915 0.006104 0.025635
0 0.542236 0.460693 0.005371 0.004883
0 0.523682 0.462891 0.002930 0.004395
0 0.537109 0.463867 0.003906 0.005371
0 0.488770 0.459839 0.006836 0.002686
0 0.464844 0.490234 0.007324 0.028809
0 0.489136 0.457031 0.007080 0.003418
0 0.593140 0.461426 0.025146 0.007812
0 0.489136 0.452881 0.007080 0.003906
