0 0.037231 0.093994 0.074463 0.187988
0 0.701416 0.551636 0.020996 0.012939
0 0.721924 0.555908 0.028809 0.009766
4 0.116943 0.508911 0.020020 0.027100
3 0.257446 0.554810 0.008545 0.018311
3 0.863647 0.574951 0.012939 0.013672
3 0.861694 0.589233 0.030518 0.018311
0 0.701538 0.569336 0.021729 0.022949
0 0.617310 0.598877 0.005127 0.006348
0 0.650391 0.590942 0.007324 0.008545
4 0.668945 0.579712 0.024902 0.032959
0 0.515259 0.611328 0.004639 0.002441
0 0.515137 0.619263 0.007812 0.010010
4 0.515259 0.626587 0.007080 0.008545
3 0.247559 0.574463 0.007324 0.008789
0 0.701660 0.537720 0.021484 0.013916
3 0.257202 0.557129 0.008545 0.012695
0 0.257324 0.547974 0.008301 0.004639
