0 0.310669 0.473511 0.052490 0.023682
0 0.249146 0.522339 0.005615 0.011963
0 0.821899 0.531128 0.004639 0.008057
0 0.822510 0.518799 0.006836 0.012207
0 0.797241 0.517456 0.006592 0.010986
0 0.326294 0.472046 0.005127 0.009033
0 0.811035 0.506958 0.016602 0.007568
0 0.811157 0.498779 0.015869 0.009277
2 0.293335 0.383911 0.005615 0.009521
0 0.704346 0.504272 0.006348 0.006104
0 0.325562 0.449341 0.005615 0.009521
0 0.811523 0.514771 0.016602 0.007568
0 0.308594 0.406250 0.050781 0.021973
0 0.307495 0.383667 0.052002 0.022217
0 0.309204 0.428223 0.051514 0.023438
0 0.054077 0.521606 0.019287 0.019775
0 0.054443 0.502319 0.019043 0.021240
3 0.822754 0.506714 0.005371 0.012451
0 0.240723 0.522461 0.036621 0.018555
0 0.236694 0.487183 0.054932 0.044189
2 0.654175 0.459717 0.023682 0.041992
2 0.255981 0.488525 0.008545 0.016113
3 0.704590 0.488403 0.014648 0.025635
0 0.310181 0.450562 0.051514 0.022217
0 0.822510 0.540039 0.005371 0.010742
