4 0.437378 0.376465 0.010498 0.014160
0 0.562744 0.351562 0.013672 0.015625
0 0.562256 0.368042 0.014160 0.015381
0 0.577393 0.366943 0.017090 0.022461
3 0.148315 0.338257 0.010986 0.013428
3 0.848267 0.377808 0.042725 0.016846
0 0.509033 0.377686 0.009277 0.017578
0 0.473267 0.393188 0.004150 0.004639
0 0.373779 0.329712 0.005371 0.007568
0 0.406860 0.334229 0.005615 0.007812
0 0.433960 0.339111 0.010986 0.006348
3 0.323730 0.375366 0.004883 0.009033
0 0.319702 0.321045 0.005615 0.007324
1 0.436768 0.392212 0.006348 0.016357
0 0.576172 0.384521 0.017090 0.013184
0 0.342407 0.325073 0.005615 0.007080
