0 0.307495 0.802124 0.031494 0.027100
0 0.392334 0.663574 0.104004 0.103027
0 0.279907 0.658691 0.112549 0.105469
0 0.127319 0.652832 0.118408 0.100098
0 0.035034 0.808594 0.006104 0.014160
0 0.158691 0.785278 0.006348 0.011475
0 0.158447 0.795288 0.003906 0.006592
0 0.488403 0.829102 0.012451 0.023438
0 0.422485 0.830444 0.006592 0.013916
0 0.474731 0.830688 0.014893 0.020264
0 0.415771 0.857300 0.004883 0.013428
0 0.480347 0.704346 0.056396 0.018555
0 0.391724 0.693726 0.043213 0.023682
0 0.392944 0.640991 0.021240 0.031982
0 0.095947 0.652100 0.027832 0.046387
