2 0.226562 0.250000 0.008301 0.021484
0 0.880615 0.278076 0.022461 0.006348
0 0.741455 0.284302 0.009277 0.004639
0 0.884888 0.267090 0.015381 0.008301
0 0.867188 0.208130 0.034668 0.012939
0 0.865845 0.219360 0.035400 0.013428
0 0.584229 0.255249 0.004395 0.004150
0 0.484619 0.234741 0.017578 0.025146
0 0.477905 0.237671 0.007568 0.006592
0 0.415894 0.252319 0.004639 0.004639
0 0.416016 0.246338 0.023926 0.008789
0 0.468384 0.227417 0.014404 0.017822
1 0.226074 0.277344 0.009277 0.011230
0 0.865234 0.234009 0.039062 0.016846
0 0.226685 0.225830 0.008545 0.025879
2 0.561279 0.254761 0.010742 0.019287
2 0.782837 0.251953 0.011963 0.021484
3 0.886108 0.251953 0.016357 0.020508
0 0.747681 0.275269 0.016846 0.007080
