3 0.567383 0.635742 0.009766 0.017578
0 0.053101 0.731445 0.012451 0.030762
0 0.083618 0.714600 0.004639 0.007812
0 0.598389 0.653931 0.017578 0.022705
0 0.095825 0.713867 0.004639 0.007324
0 0.089722 0.713989 0.004639 0.007080
0 0.596436 0.692749 0.017090 0.018799
0 0.596802 0.674072 0.016357 0.016113
0 0.095215 0.743042 0.004883 0.008545
0 0.083496 0.743530 0.005371 0.007568
0 0.052612 0.727295 0.011475 0.018066
0 0.567749 0.645630 0.015381 0.042725
3 0.457886 0.715698 0.006104 0.011475
0 0.498169 0.645020 0.013916 0.041016
