0 0.654663 0.267700 0.007080 0.012939
0 0.623169 0.307495 0.004639 0.004639
0 0.380005 0.234253 0.027100 0.019775
1 0.655762 0.290283 0.007324 0.007812
0 0.393433 0.210449 0.005615 0.022949
2 0.637207 0.285522 0.006348 0.014404
0 0.412842 0.228638 0.028320 0.022217
0 0.623169 0.303223 0.004639 0.004883
0 0.593750 0.316284 0.003906 0.007080
2 0.535767 0.239624 0.013916 0.023193
1 0.511963 0.316650 0.007324 0.007324
0 0.511719 0.294678 0.007324 0.012695
0 0.656006 0.300415 0.003906 0.013916
0 0.411621 0.208496 0.030273 0.022461
3 0.512085 0.307495 0.007080 0.012939
3 0.655396 0.280762 0.007568 0.011719
3 0.712646 0.172607 0.014648 0.026855
2 0.622925 0.297363 0.004639 0.007812
0 0.377930 0.214478 0.025879 0.021729
0 0.394165 0.231323 0.007080 0.018799
