3 0.435791 0.460693 0.004395 0.008789
3 0.592651 0.400146 0.013428 0.017578
3 0.543213 0.456543 0.006348 0.007812
0 0.408569 0.481567 0.023193 0.031006
0 0.418213 0.527832 0.010254 0.027344
0 0.463745 0.472412 0.003662 0.004883
0 0.593994 0.417725 0.015625 0.012695
0 0.463745 0.477173 0.002686 0.002686
0 0.559204 0.462646 0.005615 0.011230
0 0.525513 0.465576 0.003662 0.005371
0 0.400635 0.529053 0.011230 0.027344
0 0.075928 0.443726 0.027344 0.024658
0 0.981934 0.343262 0.013672 0.035645
0 0.467407 0.489258 0.001709 0.006836
0 0.871582 0.418457 0.010254 0.019043
