3 0.898926 0.586670 0.014160 0.023438
0 0.588989 0.625488 0.022217 0.029785
3 0.333008 0.596680 0.002441 0.012695
0 0.613159 0.615479 0.031494 0.031738
1 0.571533 0.621094 0.006836 0.003906
0 0.604858 0.630615 0.003174 0.007812
0 0.613159 0.581177 0.033447 0.040283
0 0.571045 0.627930 0.003418 0.005371
4 0.562500 0.624512 0.003418 0.006836
0 0.539551 0.625366 0.003418 0.005615
0 0.515015 0.623413 0.003174 0.005127
3 0.563354 0.639160 0.003662 0.006348
0 0.570435 0.637451 0.003662 0.006836
0 0.645386 0.582153 0.035889 0.041260
3 0.564697 0.627319 0.004883 0.007568
2 0.552368 0.610962 0.004150 0.007080
3 0.901367 0.608032 0.009277 0.017822
3 0.467041 0.639038 0.005371 0.010986
3 0.717529 0.440552 0.042969 0.077881
3 0.804443 0.623169 0.006836 0.014404
4 0.571655 0.613037 0.007080 0.011719
4 0.593018 0.627075 0.009277 0.014893
3 0.592896 0.610229 0.009521 0.017334
0 0.604858 0.635620 0.002686 0.003174
0 0.610474 0.632324 0.002197 0.005371
