0 0.361328 0.546753 0.022949 0.036377
0 0.547974 0.554565 0.020264 0.031494
0 0.610596 0.550415 0.017578 0.032959
0 0.435181 0.552734 0.021729 0.034180
0 0.471680 0.555054 0.020996 0.033447
0 0.398193 0.549805 0.021484 0.033203
0 0.249878 0.526245 0.028076 0.037842
0 0.322632 0.541138 0.025635 0.037842
0 0.214355 0.516968 0.027344 0.042236
0 0.408691 0.478516 0.012695 0.024902
0 0.196167 0.497437 0.011475 0.032471
0 0.354980 0.470459 0.012695 0.025391
0 0.480347 0.484497 0.012939 0.024658
0 0.455444 0.483154 0.012451 0.024414
0 0.765259 0.522339 0.016846 0.028076
