0 0.807251 0.572021 0.147217 0.076172
0 0.273682 0.629883 0.008789 0.006348
0 0.550049 0.652100 0.012207 0.006348
0 0.261108 0.630249 0.008057 0.007080
2 0.260864 0.615967 0.006592 0.010254
0 0.034546 0.611328 0.005615 0.012695
0 0.037354 0.581543 0.006348 0.008789
0 0.269043 0.616333 0.006836 0.011475
0 0.428833 0.650757 0.004639 0.005615
1 0.260376 0.653442 0.008545 0.010498
0 0.036133 0.595337 0.005859 0.017334
0 0.260620 0.640991 0.008545 0.013428
0 0.273560 0.640259 0.008545 0.013428
0 0.267700 0.616089 0.038818 0.019287
0 0.564819 0.655273 0.004150 0.006836
3 0.583008 0.646240 0.005371 0.007324
2 0.276733 0.615967 0.006104 0.010254
0 0.570312 0.655151 0.003418 0.004150
0 0.268921 0.592041 0.039795 0.029297
3 0.600830 0.649292 0.006348 0.008057
4 0.630005 0.629272 0.015869 0.024170
0 0.607422 0.634277 0.006348 0.007324
0 0.798096 0.562012 0.029785 0.038574
0 0.600464 0.624390 0.005615 0.004639
1 0.273071 0.652466 0.008545 0.010986
3 0.770752 0.646484 0.038086 0.017578
0 0.607056 0.628540 0.005615 0.003662
0 0.600464 0.628906 0.005615 0.002930
1 0.607666 0.641846 0.005859 0.005859
0 0.607422 0.623779 0.005859 0.003418
1 0.600708 0.641846 0.006104 0.004883
0 0.570435 0.647949 0.004150 0.009766
0 0.600586 0.634521 0.006836 0.007324
0 0.037842 0.571899 0.005859 0.009033
