3 0.620728 0.336670 0.039795 0.032227
0 0.241943 0.406738 0.004883 0.026367
0 0.166870 0.423462 0.005615 0.009521
0 0.276611 0.373901 0.010742 0.045166
0 0.222046 0.404297 0.004150 0.011719
0 0.276855 0.407349 0.010742 0.024170
0 0.167114 0.430176 0.004150 0.003418
0 0.180786 0.373657 0.007080 0.024170
3 0.469238 0.407104 0.009766 0.012939
2 0.291016 0.415161 0.004395 0.004639
0 0.446533 0.416870 0.004883 0.007568
0 0.454834 0.416504 0.004395 0.006836
0 0.143921 0.403931 0.009521 0.012939
0 0.435425 0.406128 0.010010 0.012451
0 0.173706 0.404297 0.009521 0.012695
0 0.521484 0.370605 0.022949 0.030762
3 0.591797 0.349731 0.010254 0.050537
2 0.242310 0.401489 0.003174 0.007568
3 0.186523 0.402222 0.010254 0.012939
0 0.619751 0.362305 0.039795 0.019531
0 0.198364 0.419556 0.006104 0.008057
