3 0.628784 0.332153 0.022217 0.039795
0 0.256958 0.428589 0.009521 0.042725
0 0.251221 0.481323 0.011230 0.043701
3 0.261353 0.311523 0.010010 0.042480
0 0.036011 0.413696 0.005615 0.025635
0 0.942627 0.318481 0.012695 0.047119
0 0.248901 0.307251 0.010986 0.043701
0 0.196045 0.381714 0.032227 0.042236
0 0.244385 0.428711 0.010742 0.043945
0 0.264282 0.478760 0.010010 0.041992
3 0.620605 0.399536 0.007812 0.005615
0 0.605347 0.402588 0.006104 0.010254
0 0.128052 0.419434 0.004150 0.021973
0 0.237549 0.483154 0.011719 0.045410
0 0.208130 0.344971 0.010986 0.020508
0 0.234619 0.302368 0.011719 0.046631
0 0.385132 0.358521 0.009033 0.044678
