3 0.069824 0.441650 0.020020 0.027832
0 0.564819 0.513428 0.003662 0.006348
0 0.010010 0.471924 0.020020 0.015625
0 0.370728 0.526245 0.016357 0.034424
0 0.792725 0.502686 0.011230 0.011719
0 0.527954 0.525024 0.006104 0.008545
0 0.588623 0.513184 0.006836 0.008789
0 0.573364 0.516113 0.006104 0.005859
0 0.757812 0.540039 0.013184 0.017578
0 0.759033 0.501953 0.013184 0.010742
0 0.533569 0.514648 0.003174 0.004883
0 0.573730 0.508057 0.006836 0.009766
0 0.596924 0.515503 0.003418 0.004639
0 0.595459 0.520752 0.002441 0.003418
