0 0.850342 0.676147 0.052734 0.089600
0 0.863525 0.276978 0.049805 0.073975
0 0.860229 0.357422 0.040283 0.075684
0 0.588867 0.301270 0.049805 0.083008
0 0.593994 0.867065 0.053223 0.076904
0 0.843628 0.902588 0.044189 0.063477
0 0.592529 0.962402 0.050293 0.074219
0 0.846069 0.750244 0.039307 0.067383
0 0.588745 0.390625 0.052002 0.080078
0 0.853394 0.516968 0.047607 0.072510
0 0.860107 0.433716 0.049805 0.075439
0 0.587036 0.612183 0.055420 0.084717
0 0.587036 0.696777 0.055420 0.081543
0 0.586548 0.790039 0.052002 0.080078
0 0.845825 0.829224 0.044189 0.073975
0 0.842651 0.971436 0.057861 0.052734
