0 0.379517 0.592651 0.007568 0.004150
0 0.296997 0.645630 0.002686 0.007080
0 0.291382 0.607788 0.005615 0.026123
0 0.871094 0.662476 0.074219 0.068604
0 0.476318 0.537354 0.010742 0.016602
0 0.529175 0.612671 0.002686 0.006592
4 0.529419 0.604980 0.006592 0.011230
3 0.244629 0.612305 0.006348 0.019531
0 0.514893 0.611938 0.002930 0.007568
0 0.465820 0.608643 0.004395 0.005859
3 0.465820 0.602783 0.005859 0.006836
3 0.345459 0.609741 0.005371 0.011963
3 0.345215 0.601074 0.012207 0.006836
0 0.539307 0.608765 0.011230 0.016846
0 0.517456 0.607056 0.006104 0.010498
0 0.514893 0.603149 0.003906 0.010986
0 0.487183 0.601318 0.004150 0.001953
