0 0.617310 0.083130 0.216553 0.166260
0 0.494019 0.500732 0.004639 0.012207
0 0.479858 0.501221 0.005615 0.011230
0 0.453613 0.501831 0.004883 0.010498
0 0.695190 0.473145 0.009033 0.005859
1 0.614380 0.499146 0.007080 0.015869
1 0.708496 0.493652 0.009766 0.020508
1 0.642700 0.497192 0.008057 0.016846
0 0.696411 0.457031 0.012939 0.022461
1 0.668335 0.494873 0.010010 0.018555
0 0.590454 0.500610 0.006592 0.014893
1 0.566040 0.500977 0.006592 0.014160
0 0.417358 0.485352 0.010986 0.007324
4 0.777832 0.462036 0.021484 0.035889
0 0.417480 0.468628 0.012695 0.021240
0 0.777832 0.421753 0.020020 0.036377
1 0.546631 0.501099 0.005859 0.013916
0 0.437012 0.501465 0.003906 0.009277
