0 0.484375 0.439453 0.006348 0.001953
3 0.690186 0.205444 0.009277 0.035889
0 0.456787 0.469482 0.002441 0.004883
3 0.958862 0.394043 0.011475 0.017090
0 0.545898 0.468140 0.004395 0.002197
0 0.546265 0.465332 0.003174 0.002441
3 0.419678 0.347412 0.012207 0.016602
0 0.290405 0.218140 0.016357 0.019287
3 0.610718 0.441772 0.006592 0.008057
0 0.324585 0.190063 0.048584 0.021240
0 0.659302 0.245605 0.011963 0.034180
0 0.589355 0.434570 0.011230 0.029785
0 0.482544 0.343750 0.023193 0.013672
0 0.313354 0.240967 0.076904 0.090820
0 0.483521 0.444458 0.010010 0.008057
3 0.614014 0.432983 0.017578 0.009033
0 0.588867 0.427002 0.008301 0.012207
