3 0.800049 0.748169 0.040039 0.065674
0 0.801025 0.658203 0.004395 0.006836
0 0.800781 0.664917 0.005371 0.006104
0 0.800903 0.664917 0.006104 0.021240
0 0.828857 0.669312 0.006348 0.013916
0 0.894287 0.667480 0.004883 0.017578
0 0.800781 0.671875 0.004883 0.006836
0 0.030396 0.596802 0.060791 0.035889
0 0.834717 0.805298 0.107910 0.038330
0 0.840698 0.580200 0.017822 0.047119
0 0.996704 0.570801 0.005615 0.062500
0 0.768311 0.647217 0.006836 0.030762
0 0.800903 0.681396 0.003662 0.011230
0 0.825073 0.749390 0.012939 0.066162
0 0.546387 0.658691 0.005859 0.010254
0 0.287231 0.626465 0.010498 0.021484
0 0.703369 0.628418 0.004883 0.022949
0 0.828369 0.581543 0.016602 0.046875
