3 0.903076 0.514160 0.015137 0.015137
0 0.406616 0.552002 0.008057 0.013672
0 0.278076 0.509888 0.005859 0.021729
0 0.284302 0.512207 0.004639 0.020996
2 0.294922 0.515625 0.006348 0.020508
0 0.277466 0.530151 0.005127 0.013428
0 0.282715 0.531860 0.005371 0.013916
3 0.138916 0.292969 0.015137 0.037598
0 0.284912 0.479370 0.020508 0.027100
3 0.294067 0.532959 0.004639 0.012207
0 0.288208 0.532104 0.005127 0.014893
0 0.289062 0.513306 0.006836 0.020264
0 0.155762 0.307739 0.015625 0.056396
0 0.286865 0.447510 0.020020 0.045898
0 0.889893 0.454712 0.066895 0.019287
0 0.885376 0.514404 0.015869 0.016113
0 0.884399 0.474609 0.016846 0.012207
0 0.749756 0.377075 0.050781 0.019775
0 0.888794 0.431641 0.068115 0.019043
1 0.867798 0.514404 0.013428 0.014648
0 0.867188 0.493286 0.018066 0.023682
0 0.884399 0.493652 0.016846 0.022461
0 0.902100 0.493774 0.016602 0.024658
0 0.322510 0.380371 0.048828 0.017090
0 0.284546 0.494385 0.006592 0.012207
