0 0.408569 0.410278 0.019287 0.013428
0 0.425049 0.497070 0.004883 0.009766
0 0.541626 0.487427 0.011963 0.007568
0 0.434937 0.497070 0.004150 0.007812
0 0.192139 0.489014 0.019043 0.037598
0 0.436890 0.450562 0.010498 0.008545
0 0.548706 0.492432 0.007568 0.004395
0 0.423340 0.497070 0.004395 0.006836
0 0.481079 0.462524 0.005127 0.007080
0 0.351685 0.499512 0.005127 0.006348
0 0.366821 0.467041 0.005127 0.006836
0 0.698853 0.482300 0.035889 0.014893
0 0.593018 0.489136 0.015625 0.010986
3 0.542603 0.467651 0.007080 0.009521
0 0.968506 0.480957 0.025391 0.027344
0 0.381836 0.494141 0.008301 0.014648
0 0.430420 0.494507 0.004883 0.006104
