0 0.679688 0.639893 0.022949 0.014160
0 0.239624 0.605103 0.018311 0.017334
1 0.753906 0.720215 0.059082 0.050293
0 0.005493 0.679443 0.007568 0.005859
0 0.925049 0.517456 0.006348 0.029053
0 0.801392 0.706665 0.005127 0.006592
0 0.719971 0.730957 0.005859 0.005859
3 0.587646 0.723633 0.002930 0.011230
0 0.109863 0.701050 0.005859 0.008545
0 0.112915 0.692017 0.006592 0.008057
0 0.751953 0.656250 0.064941 0.077637
0 0.750000 0.596313 0.065430 0.039795
0 0.005127 0.688843 0.008301 0.012939
0 0.005005 0.686523 0.009521 0.019531
