3 0.480469 0.339233 0.011719 0.029541
0 0.404785 0.310059 0.003418 0.004883
0 0.048706 0.314575 0.008057 0.020264
0 0.436768 0.327637 0.003418 0.008789
0 0.434204 0.315186 0.009033 0.009277
0 0.029175 0.245239 0.011963 0.021240
0 0.470459 0.290039 0.007812 0.007812
0 0.470703 0.300537 0.008789 0.012207
0 0.395752 0.341309 0.004395 0.003906
0 0.395752 0.315186 0.006836 0.003906
0 0.492188 0.338623 0.010254 0.028320
0 0.730591 0.275269 0.014404 0.064697
0 0.471191 0.328613 0.005859 0.013672
0 0.649048 0.227783 0.022705 0.020508
0 0.984131 0.318848 0.008301 0.017090
0 0.743042 0.291748 0.012451 0.028320
2 0.673096 0.278687 0.023438 0.029541
0 0.647583 0.299316 0.020264 0.025391
0 0.030396 0.279297 0.013428 0.048340
0 0.672363 0.308716 0.020020 0.023682
0 0.648315 0.262939 0.022217 0.045898
3 0.125244 0.322388 0.007812 0.022217
0 0.485718 0.310425 0.020264 0.028076
0 0.099976 0.315674 0.029541 0.034180
2 0.047241 0.291138 0.008057 0.024658
0 0.973267 0.256958 0.052979 0.077393
3 0.032349 0.317993 0.012451 0.029053
1 0.069336 0.293579 0.015625 0.032959
0 0.431519 0.330566 0.006104 0.013184
2 0.124268 0.295166 0.007324 0.032227
