3 0.191772 0.732788 0.013916 0.016357
3 0.297119 0.737305 0.008301 0.012695
0 0.703735 0.704712 0.012451 0.004150
1 0.594116 0.731812 0.005127 0.005615
0 0.375488 0.712280 0.012695 0.005127
0 0.296753 0.746094 0.005615 0.004395
0 0.388062 0.694214 0.006104 0.004150
0 0.587036 0.676270 0.016846 0.007324
0 0.598999 0.684204 0.011475 0.006104
0 0.724854 0.724854 0.007324 0.010742
0 0.380737 0.693970 0.006104 0.005127
0 0.594238 0.723145 0.005371 0.009277
0 0.380981 0.700195 0.005615 0.005859
0 0.792603 0.721558 0.006592 0.010986
0 0.595825 0.690918 0.004150 0.005371
0 0.720215 0.694824 0.016113 0.007324
