4 0.441284 0.635864 0.008545 0.010498
0 0.795410 0.658569 0.003906 0.006104
0 0.794678 0.646484 0.004395 0.005859
0 0.795898 0.676025 0.003418 0.004883
0 0.795532 0.670532 0.004150 0.006104
0 0.778442 0.674805 0.003662 0.006836
0 0.777588 0.653564 0.003906 0.006836
0 0.777344 0.646240 0.003906 0.006836
0 0.777832 0.660767 0.003906 0.006592
0 0.839600 0.680664 0.022461 0.027832
0 0.791870 0.660522 0.038330 0.071533
4 0.535767 0.639648 0.009033 0.010254
0 0.493896 0.650879 0.005371 0.004395
0 0.535645 0.647949 0.009277 0.005859
3 0.638306 0.664062 0.006592 0.014160
0 0.795044 0.651978 0.003662 0.005127
0 0.778198 0.667480 0.004150 0.007812
0 0.441162 0.644165 0.009766 0.005615
0 0.715698 0.675171 0.021240 0.026611
0 0.515015 0.647583 0.006104 0.007568
0 0.559570 0.640991 0.043945 0.024170
0 0.505981 0.662476 0.003174 0.005127
0 0.795288 0.664673 0.003662 0.005615
