3 0.494629 0.686646 0.008301 0.010986
0 0.604736 0.704224 0.017578 0.008057
0 0.579346 0.708984 0.017578 0.008789
0 0.579956 0.701660 0.017822 0.004883
0 0.604492 0.696045 0.017090 0.008301
0 0.604980 0.687012 0.017090 0.010254
0 0.577271 0.594360 0.014893 0.012451
0 0.579834 0.693970 0.015137 0.008057
0 0.590576 0.698730 0.005371 0.006836
4 0.419067 0.667603 0.032471 0.046631
3 0.436401 0.674805 0.010986 0.018555
0 0.494385 0.695557 0.012207 0.031738
0 0.469727 0.642212 0.017090 0.035889
0 0.323853 0.137451 0.153076 0.088867
0 0.742188 0.583130 0.027832 0.031494
0 0.882202 0.697144 0.006104 0.030518
0 0.435669 0.679688 0.014404 0.032227
0 0.591919 0.710327 0.004150 0.006104
2 0.882324 0.691772 0.004395 0.018799
