3 0.874390 0.632568 0.015869 0.037598
0 0.471924 0.609497 0.002930 0.002686
0 0.472168 0.619873 0.002930 0.005859
0 0.514526 0.634033 0.007080 0.005371
0 0.521118 0.634033 0.006104 0.004883
0 0.520996 0.648804 0.005859 0.009033
0 0.514282 0.640503 0.006592 0.007568
0 0.514404 0.649048 0.006348 0.009033
0 0.520874 0.640381 0.006592 0.007812
0 0.484253 0.632080 0.008545 0.004395
0 0.472168 0.614136 0.002930 0.006104
3 0.939575 0.684692 0.025635 0.049561
1 0.142822 0.589233 0.020020 0.022217
3 0.941040 0.577637 0.024170 0.069824
0 0.143555 0.566895 0.019043 0.021973
0 0.144287 0.549316 0.019043 0.012695
0 0.210571 0.632690 0.016357 0.026123
0 0.131226 0.532104 0.023193 0.010986
0 0.539917 0.626831 0.038818 0.015381
3 0.642944 0.659546 0.023682 0.038818
3 0.937134 0.635864 0.040283 0.047607
0 0.152466 0.535522 0.006104 0.013428
0 0.484375 0.643799 0.002930 0.006836
