3 0.598877 0.443237 0.008789 0.011963
4 0.738770 0.387085 0.036133 0.042236
2 0.647949 0.434570 0.017578 0.023438
4 0.647095 0.411011 0.019775 0.024170
3 0.577881 0.438599 0.009277 0.012451
3 0.578613 0.452271 0.008301 0.011475
0 0.739258 0.419800 0.025879 0.023193
0 0.577515 0.426025 0.005127 0.009766
0 0.404419 0.472046 0.001709 0.016846
0 0.418701 0.468872 0.004883 0.003662
0 0.421387 0.473267 0.010742 0.003174
0 0.610840 0.453735 0.003418 0.035400
0 0.404785 0.452515 0.003906 0.013916
0 0.401611 0.470703 0.014648 0.016113
0 0.599365 0.454346 0.009277 0.008301
0 0.402344 0.481445 0.014648 0.003906
