3 0.511963 0.512451 0.006348 0.009766
0 0.495728 0.513550 0.008057 0.010986
0 0.602783 0.392700 0.115723 0.140381
3 0.511475 0.503052 0.006836 0.009033
0 0.478027 0.514648 0.005371 0.006836
0 0.484497 0.457520 0.027100 0.019531
0 0.478638 0.521606 0.004150 0.004639
0 0.524414 0.508667 0.016113 0.007568
0 0.524292 0.515747 0.017334 0.006104
0 0.440796 0.459595 0.033936 0.019287
0 0.570312 0.508911 0.014648 0.004150
2 0.614990 0.428223 0.016113 0.021973
0 0.630249 0.511597 0.004150 0.010010
0 0.324341 0.532104 0.004150 0.006592
