3 0.346069 0.442627 0.009521 0.012695
0 0.505493 0.444458 0.003174 0.005127
0 0.511230 0.434326 0.010254 0.005859
0 0.345947 0.458862 0.011230 0.015869
0 0.504517 0.457520 0.002686 0.003418
0 0.475830 0.442505 0.003418 0.006104
0 0.504395 0.462036 0.003418 0.004150
0 0.475708 0.429443 0.002686 0.013184
3 0.488892 0.455933 0.004150 0.005127
0 0.483032 0.429443 0.011475 0.006348
0 0.734741 0.407593 0.023193 0.030029
0 0.372192 0.351685 0.034424 0.020264
1 0.541748 0.474609 0.003906 0.022461
3 0.220581 0.436646 0.010010 0.018311
0 0.348022 0.351685 0.009033 0.044189
0 0.208740 0.242920 0.017578 0.084961
0 0.426392 0.353516 0.043701 0.021484
0 0.257568 0.242554 0.067871 0.038818
3 0.538330 0.441528 0.014160 0.019287
0 0.505127 0.433960 0.001953 0.012451
0 0.537964 0.458374 0.005127 0.015869
