0 0.374756 0.519897 0.007812 0.026611
3 0.054321 0.517822 0.014893 0.018066
4 0.272461 0.198975 0.017090 0.037598
0 0.311401 0.559937 0.004639 0.006592
0 0.014038 0.554321 0.007080 0.005127
0 0.029663 0.554810 0.007080 0.005615
0 0.043091 0.557251 0.008057 0.007080
0 0.059204 0.558228 0.007568 0.005615
0 0.073120 0.559448 0.007080 0.005127
0 0.088501 0.561035 0.006592 0.005859
0 0.104004 0.562134 0.006348 0.004639
0 0.120728 0.564331 0.008057 0.006104
0 0.135864 0.566040 0.007568 0.005615
0 0.153564 0.566895 0.009277 0.007324
1 0.169434 0.568115 0.006348 0.006836
1 0.185547 0.571167 0.008301 0.007568
1 0.202515 0.572144 0.008545 0.007568
1 0.220581 0.573486 0.009521 0.007324
1 0.238403 0.575195 0.008545 0.007812
1 0.257812 0.578125 0.007812 0.008789
1 0.276489 0.579102 0.010498 0.009766
1 0.296509 0.580933 0.010498 0.009033
1 0.317017 0.582397 0.010986 0.009521
1 0.336670 0.584106 0.011230 0.010498
1 0.359741 0.585938 0.010498 0.011719
0 0.382935 0.588989 0.012939 0.012451
0 0.407959 0.592041 0.012695 0.012207
0 0.441406 0.596191 0.015625 0.016602
0 0.466187 0.598267 0.017334 0.017334
0 0.492432 0.601562 0.016602 0.018066
0 0.521118 0.604492 0.017334 0.020508
0 0.551636 0.607422 0.019287 0.021484
0 0.585571 0.612427 0.021729 0.024170
0 0.626221 0.618530 0.028809 0.026123
0 0.678833 0.624634 0.034424 0.031494
0 0.745605 0.633545 0.047363 0.040039
0 0.841797 0.646729 0.072266 0.046387
0 0.974854 0.663940 0.049316 0.055908
