0 0.389160 0.767944 0.022949 0.032471
0 0.004883 0.678223 0.009277 0.011719
0 0.149536 0.679688 0.071045 0.075195
0 0.014771 0.640869 0.014404 0.019043
0 0.176880 0.649292 0.020264 0.013916
0 0.028076 0.643799 0.014648 0.018555
0 0.124634 0.686768 0.012939 0.017578
0 0.041382 0.646606 0.013428 0.017822
0 0.132690 0.735840 0.009033 0.012207
0 0.246582 0.756348 0.030762 0.024902
0 0.239380 0.754761 0.013916 0.017822
0 0.385742 0.801270 0.023926 0.032715
0 0.939331 0.819092 0.072021 0.149414
3 0.945923 0.822144 0.034424 0.052490
3 0.787109 0.882202 0.009277 0.014404
0 0.057007 0.665161 0.114014 0.076904
0 0.041748 0.685181 0.009766 0.010986
