3 0.277954 0.419800 0.044678 0.058350
0 0.006104 0.438110 0.009766 0.020752
0 0.852173 0.227295 0.044678 0.079590
0 0.951660 0.421631 0.008301 0.012695
4 0.852295 0.153687 0.046875 0.139404
2 0.951538 0.435791 0.009033 0.010254
0 0.266724 0.467163 0.011475 0.016357
0 0.265869 0.490356 0.012695 0.013428
0 0.265747 0.479736 0.011963 0.007812
0 0.966919 0.484741 0.061279 0.013916
0 0.966309 0.500977 0.061523 0.015625
0 0.999023 0.444580 0.000488 0.009766
0 0.967163 0.467407 0.065186 0.017334
0 0.404907 0.483032 0.010498 0.015869
0 0.967773 0.451538 0.063965 0.015869
0 0.968018 0.434448 0.063477 0.014404
0 0.966064 0.421021 0.062988 0.014404
3 0.944702 0.548218 0.030518 0.037842
0 0.405273 0.472900 0.010254 0.005859
3 0.959473 0.151733 0.080566 0.148682
2 0.405273 0.462769 0.010742 0.014404
3 0.852783 0.304077 0.039551 0.107178
0 0.967041 0.038452 0.065430 0.076904
3 0.812622 0.485840 0.014404 0.019531
0 0.004395 0.467285 0.008301 0.016602
0 0.005127 0.454224 0.008789 0.007568
