3 0.870728 0.440308 0.013428 0.027100
0 0.075562 0.399536 0.008545 0.004150
0 0.471069 0.404663 0.023682 0.031982
0 0.743286 0.453247 0.012451 0.018311
0 0.246094 0.416992 0.014648 0.017578
0 0.076050 0.393188 0.008057 0.009033
3 0.743896 0.431030 0.014648 0.026611
3 0.471558 0.355957 0.049072 0.065918
3 0.355347 0.103271 0.045654 0.062012
0 0.201172 0.142578 0.135742 0.069824
3 0.460083 0.450195 0.011963 0.017578
3 0.260132 0.420166 0.020752 0.026367
0 0.355347 0.152466 0.132080 0.042725
0 0.644287 0.476929 0.078125 0.017822
4 0.460449 0.432861 0.012207 0.018066
0 0.443481 0.418213 0.034912 0.028809
0 0.344849 0.455200 0.010986 0.014893
