3 0.658447 0.524780 0.013672 0.014893
0 0.637207 0.551758 0.004883 0.008301
3 0.710327 0.524048 0.010010 0.013428
0 0.637451 0.545166 0.005859 0.003906
3 0.037354 0.485229 0.027344 0.035400
0 0.710938 0.534790 0.006836 0.006592
0 0.621948 0.554077 0.005615 0.006104
0 0.637817 0.558716 0.006104 0.004639
0 0.648682 0.547607 0.005859 0.003906
0 0.637451 0.539307 0.006348 0.007324
0 0.436646 0.591553 0.023193 0.042480
0 0.357056 0.535767 0.006592 0.010010
0 0.453247 0.559692 0.020264 0.008057
0 0.369507 0.534302 0.009521 0.012939
3 0.592651 0.569702 0.007080 0.009033
0 0.648804 0.541870 0.005615 0.006104
3 0.658813 0.539917 0.010010 0.012451
3 0.436279 0.548462 0.025879 0.036865
0 0.614990 0.564697 0.004883 0.007324
0 0.571411 0.548706 0.009033 0.008057
