0 0.019165 0.032227 0.038330 0.051758
0 0.723633 0.327148 0.046875 0.020508
0 0.532471 0.304932 0.062500 0.015625
0 0.015625 0.152466 0.031250 0.039795
0 0.014160 0.201416 0.028320 0.032227
0 0.018433 0.093384 0.035889 0.066650
0 0.617310 0.332520 0.014404 0.012695
0 0.532227 0.317871 0.063477 0.015137
0 0.016724 0.125854 0.033447 0.042725
0 0.620117 0.332520 0.006836 0.008301
0 0.020142 0.058960 0.040283 0.057373
0 0.531738 0.333008 0.063477 0.014160
0 0.530884 0.347168 0.063721 0.015137
0 0.721680 0.360352 0.048340 0.020508
0 0.720947 0.375977 0.046387 0.020508
0 0.723877 0.344482 0.051758 0.021973
0 0.015625 0.177612 0.031250 0.032471
