0 0.662109 0.502686 0.007812 0.010742
0 0.654785 0.471558 0.007812 0.008545
1 0.662354 0.512329 0.007812 0.007080
0 0.671387 0.483032 0.008789 0.010986
0 0.671753 0.494507 0.008057 0.010010
0 0.671753 0.504272 0.008057 0.008057
1 0.671631 0.512451 0.007812 0.006348
0 0.662231 0.492798 0.008057 0.007568
0 0.661987 0.483032 0.008057 0.011963
0 0.291138 0.508179 0.005127 0.012939
0 0.383301 0.485962 0.004395 0.005615
0 0.562866 0.526245 0.003662 0.005615
4 0.575195 0.522949 0.005859 0.008301
0 0.553101 0.528687 0.003174 0.004150
0 0.575317 0.529785 0.004639 0.004883
0 0.573730 0.494507 0.012695 0.004150
