4 0.802612 0.695435 0.067627 0.093506
0 0.453857 0.723022 0.002441 0.006592
0 0.487427 0.713989 0.003174 0.005127
0 0.533813 0.727173 0.021729 0.010010
0 0.452515 0.711548 0.004150 0.006104
0 0.556885 0.724487 0.006348 0.009521
0 0.556641 0.734253 0.006348 0.008057
0 0.473267 0.700073 0.003662 0.004639
0 0.519409 0.735474 0.010498 0.004150
0 0.539185 0.734863 0.011963 0.004395
0 0.432617 0.697876 0.003418 0.004639
2 0.539429 0.723755 0.012451 0.016357
0 0.574097 0.735107 0.028076 0.009766
0 0.610718 0.716431 0.015869 0.006592
0 0.596191 0.718506 0.037109 0.015625
0 0.574585 0.715820 0.005615 0.011719
0 0.592773 0.729736 0.043945 0.016602
0 0.519531 0.725830 0.010254 0.014648
0 0.501709 0.703369 0.022949 0.012207
2 0.610718 0.699585 0.015869 0.022217
0 0.491211 0.668823 0.075195 0.025146
0 0.573853 0.726318 0.027100 0.012695
0 0.454224 0.714600 0.003662 0.003906
