0 0.424194 0.721802 0.019287 0.028076
0 0.422485 0.763062 0.014893 0.019775
4 0.228760 0.754761 0.036133 0.043701
0 0.246948 0.753296 0.026123 0.032471
0 0.298218 0.650635 0.077881 0.067383
0 0.395020 0.660522 0.072266 0.071533
3 0.383789 0.653320 0.011719 0.017090
0 0.478149 0.763672 0.023193 0.012207
1 0.477539 0.794556 0.023926 0.051025
0 0.509277 0.759888 0.006836 0.010010
3 0.480957 0.713745 0.010742 0.019287
0 0.290527 0.635010 0.013184 0.023438
0 0.479248 0.739868 0.017578 0.032959
0 0.498169 0.773560 0.005615 0.009033
0 0.498901 0.765503 0.005127 0.007080
