3 0.501099 0.640015 0.005127 0.009521
0 0.298096 0.639893 0.019043 0.005371
0 0.298218 0.647095 0.018799 0.005615
0 0.298096 0.654541 0.020020 0.006836
0 0.298218 0.661621 0.019775 0.007324
3 0.604126 0.609985 0.003662 0.010986
0 0.603760 0.618652 0.005371 0.004395
0 0.328857 0.665039 0.003418 0.005859
0 0.328857 0.659424 0.004395 0.002930
0 0.605835 0.591797 0.020264 0.010254
3 0.697876 0.501831 0.005127 0.046143
0 0.524414 0.629761 0.010742 0.007568
3 0.705811 0.546875 0.007324 0.041504
0 0.247070 0.669678 0.004883 0.013184
0 0.297119 0.633301 0.020020 0.006836
3 0.703491 0.501831 0.006104 0.046143
3 0.521362 0.605469 0.010498 0.022461
3 0.623169 0.604614 0.006592 0.016357
3 0.336670 0.690063 0.016602 0.030518
3 0.247192 0.653320 0.004150 0.008789
0 0.302979 0.671021 0.003418 0.009521
0 0.606323 0.608032 0.019287 0.007080
3 0.830322 0.501221 0.022461 0.043457
0 0.832764 0.535522 0.020020 0.026123
0 0.606079 0.601318 0.019287 0.008301
0 0.247192 0.671387 0.003662 0.007324
