0 0.460938 0.599121 0.040527 0.016602
0 0.499023 0.593506 0.008301 0.022461
0 0.264893 0.706665 0.004883 0.006592
0 0.992676 0.673706 0.003418 0.005615
0 0.191772 0.719727 0.002686 0.004395
0 0.019531 0.675171 0.009766 0.029053
3 0.033203 0.677368 0.007812 0.027588
1 0.052002 0.677002 0.010254 0.025391
0 0.063599 0.676514 0.005127 0.024414
0 0.337646 0.696777 0.002441 0.009766
4 0.593018 0.619141 0.051758 0.069824
1 0.592285 0.664795 0.030762 0.023438
0 0.690796 0.680664 0.010986 0.018066
0 0.696533 0.697876 0.011719 0.018311
