3 0.550903 0.416992 0.006592 0.010742
0 0.576660 0.433105 0.008301 0.013184
0 0.577271 0.427979 0.013916 0.029785
0 0.573975 0.376343 0.008789 0.002197
0 0.574097 0.371460 0.008545 0.003174
0 0.573730 0.356567 0.008301 0.003174
0 0.574097 0.366455 0.008545 0.002441
0 0.668823 0.309326 0.014893 0.029297
0 0.619873 0.334595 0.010254 0.023682
0 0.573608 0.361084 0.008545 0.003418
0 0.573608 0.351074 0.008057 0.003418
0 0.467773 0.372681 0.014160 0.009521
0 0.420776 0.372559 0.024170 0.010742
0 0.429443 0.371582 0.004883 0.020996
0 0.418213 0.357666 0.028809 0.015625
3 0.545776 0.407349 0.006104 0.010498
0 0.541504 0.417725 0.007324 0.012207
0 0.546753 0.420654 0.022705 0.048828
