0 0.680420 0.569214 0.013184 0.010498
3 0.861206 0.521118 0.010986 0.027100
4 0.679199 0.552124 0.017578 0.023193
4 0.756714 0.509888 0.043701 0.058350
4 0.864014 0.554321 0.014160 0.034912
3 0.615479 0.585449 0.005859 0.007324
4 0.646484 0.573730 0.015137 0.020508
1 0.760498 0.549438 0.027344 0.019775
4 0.599731 0.577881 0.010498 0.012695
0 0.230835 0.594849 0.016357 0.021240
0 0.233398 0.611938 0.010254 0.015869
3 0.550171 0.592773 0.004639 0.006348
1 0.600220 0.587280 0.006592 0.005615
0 0.539185 0.593384 0.005127 0.004639
0 0.506958 0.576660 0.002197 0.004883
0 0.352661 0.589111 0.002686 0.005371
0 0.372192 0.589966 0.007568 0.007080
3 0.234497 0.626831 0.015869 0.018311
0 0.513794 0.576660 0.010986 0.004395
0 0.500366 0.577393 0.002686 0.006348
0 0.503906 0.577148 0.003906 0.005859
1 0.534790 0.576172 0.003662 0.006348
0 0.366089 0.589844 0.001709 0.004883
0 0.130859 0.631348 0.007324 0.011230
