0 0.699829 0.703857 0.020752 0.032227
0 0.438110 0.743286 0.005127 0.008057
0 0.341919 0.676880 0.007568 0.017822
0 0.204468 0.078491 0.121338 0.149658
0 0.692627 0.712036 0.014648 0.039795
0 0.205688 0.651611 0.007080 0.032227
0 0.503540 0.736694 0.006104 0.012451
2 0.733765 0.706421 0.019287 0.034424
0 0.518677 0.730957 0.006592 0.016113
2 0.205566 0.689331 0.006836 0.032471
2 0.477661 0.715820 0.007568 0.016602
3 0.519531 0.713013 0.009277 0.013916
0 0.490479 0.734375 0.009277 0.013672
2 0.776489 0.686523 0.025146 0.038086
3 0.776001 0.639526 0.031494 0.054443
3 0.942871 0.636597 0.035645 0.051514
3 0.823120 0.453735 0.034424 0.052002
0 0.887207 0.669800 0.104492 0.032959
2 0.290405 0.676758 0.023682 0.036621
0 0.894165 0.670654 0.031494 0.045410
0 0.437866 0.750977 0.005127 0.008301
3 0.438232 0.736938 0.006836 0.010010
