0 0.896729 0.590332 0.016602 0.029785
0 0.546021 0.559082 0.008057 0.011719
0 0.609741 0.617676 0.009521 0.015137
0 0.894653 0.545288 0.022217 0.018799
0 0.895142 0.566162 0.021240 0.020020
4 0.583496 0.615356 0.005859 0.008057
0 0.569092 0.560181 0.009277 0.007568
0 0.526733 0.559082 0.008545 0.007812
0 0.705322 0.604736 0.015137 0.006348
0 0.657104 0.582397 0.010010 0.021240
0 0.590942 0.614258 0.005127 0.010254
0 0.897217 0.586426 0.011719 0.015625
0 0.657593 0.603149 0.010986 0.020752
0 0.657227 0.597778 0.005371 0.007080
0 0.657227 0.605713 0.005371 0.007324
0 0.859497 0.445312 0.026611 0.112793
