0 0.538696 0.502197 0.003662 0.006836
2 0.644897 0.457275 0.010986 0.015137
2 0.632568 0.458130 0.010742 0.015869
0 0.482544 0.500000 0.008057 0.016113
0 0.544189 0.465576 0.004883 0.010254
0 0.554565 0.475708 0.020752 0.007568
0 0.556519 0.513062 0.012451 0.006592
0 0.538574 0.478516 0.004395 0.012695
0 0.538452 0.488403 0.004150 0.006104
0 0.538452 0.495483 0.004150 0.006592
0 0.537964 0.508179 0.005615 0.004150
0 0.537842 0.512817 0.004395 0.006104
0 0.548950 0.523926 0.004639 0.007812
0 0.712891 0.519653 0.004395 0.006592
3 0.637329 0.411987 0.015869 0.024170
0 0.637451 0.431152 0.016113 0.015137
0 0.638184 0.443848 0.016602 0.014160
0 0.646729 0.474609 0.017090 0.020508
0 0.630493 0.475464 0.016357 0.019775
0 0.905273 0.418457 0.021973 0.030762
0 0.481689 0.511841 0.002441 0.008057
0 0.555298 0.480469 0.005615 0.002441
