3 0.859985 0.721069 0.029053 0.052002
3 0.753174 0.644897 0.006836 0.007568
0 0.442993 0.596191 0.002686 0.006836
0 0.444214 0.636841 0.007568 0.011963
0 0.457397 0.605591 0.015869 0.006104
0 0.638184 0.634033 0.002441 0.007324
0 0.802856 0.598389 0.004639 0.005859
0 0.360474 0.613647 0.004150 0.007568
0 0.655029 0.624878 0.021973 0.027588
0 0.937866 0.635864 0.005127 0.011475
0 0.806763 0.596680 0.004639 0.005859
0 0.444824 0.600830 0.008301 0.020020
0 0.652832 0.618530 0.016113 0.019775
0 0.405029 0.704834 0.055176 0.020508
0 0.360352 0.618774 0.007324 0.022217
0 0.419678 0.677246 0.028809 0.037109
0 0.082642 0.316772 0.056885 0.141357
3 0.086060 0.286377 0.029541 0.042969
3 0.652954 0.599121 0.015869 0.020508
0 0.430542 0.581665 0.028564 0.006592
0 0.391602 0.677246 0.027832 0.037109
0 0.069336 0.835083 0.138672 0.329346
1 0.668457 0.651245 0.005371 0.004639
0 0.446655 0.596191 0.002686 0.005859
