3 0.715454 0.652466 0.007568 0.010986
0 0.410156 0.637817 0.003906 0.006104
0 0.350830 0.579956 0.035645 0.048584
4 0.348511 0.631592 0.036377 0.049805
0 0.362183 0.673828 0.008057 0.011719
3 0.099121 0.614624 0.011230 0.013428
0 0.098755 0.639282 0.017334 0.017822
0 0.095459 0.663696 0.023438 0.021240
3 0.210938 0.622559 0.008789 0.010742
0 0.218384 0.636475 0.015869 0.017090
0 0.215210 0.658325 0.019775 0.019287
0 0.758667 0.666626 0.010010 0.012939
0 0.162842 0.599731 0.059570 0.028076
0 0.043701 0.591553 0.068359 0.032715
