3 0.444092 0.686401 0.008789 0.012939
0 0.454346 0.772705 0.013184 0.003418
0 0.411499 0.791016 0.004150 0.007812
3 0.426880 0.776123 0.008545 0.012207
2 0.432373 0.768799 0.007324 0.009277
0 0.432617 0.777832 0.005371 0.008301
2 0.437744 0.777832 0.005371 0.007812
0 0.301270 0.789185 0.006348 0.009521
2 0.344482 0.792114 0.004883 0.006104
0 0.525391 0.749146 0.003418 0.013916
0 0.526001 0.761475 0.001709 0.010254
0 0.514282 0.742798 0.010498 0.006104
0 0.513794 0.731079 0.011475 0.016846
0 0.329590 0.688110 0.006836 0.010010
0 0.427490 0.764771 0.007324 0.010498
3 0.388428 0.686890 0.008789 0.011963
2 0.514160 0.754272 0.010254 0.014404
0 0.204834 0.779419 0.013672 0.004639
0 0.140747 0.794556 0.003662 0.011475
