4 0.886353 0.336426 0.044678 0.131836
3 0.577271 0.507080 0.015869 0.028320
0 0.578369 0.481567 0.011230 0.021240
4 0.536499 0.533325 0.017822 0.029541
3 0.578369 0.460571 0.010742 0.020752
1 0.507202 0.507935 0.019287 0.012451
0 0.484619 0.475220 0.007812 0.028564
0 0.863770 0.183716 0.046387 0.115479
2 0.651123 0.459473 0.014160 0.040527
1 0.868042 0.248535 0.049072 0.067871
0 0.557739 0.466064 0.010986 0.017578
1 0.888916 0.415894 0.046875 0.062744
0 0.894775 0.465454 0.026855 0.052979
1 0.523438 0.511597 0.013672 0.012939
