0 0.774658 0.399048 0.107422 0.180908
3 0.360474 0.598877 0.008545 0.011230
0 0.360962 0.613770 0.007080 0.008789
0 0.328857 0.604980 0.004883 0.006348
3 0.459595 0.598999 0.013916 0.019775
3 0.330078 0.613159 0.006348 0.008545
0 0.360352 0.588257 0.008789 0.010986
0 0.360596 0.607544 0.007812 0.003662
0 0.304932 0.615601 0.002930 0.005127
3 0.770874 0.375610 0.045654 0.056885
2 0.326050 0.613647 0.006592 0.009033
0 0.340576 0.609741 0.006348 0.011963
0 0.300171 0.615601 0.002686 0.005127
0 0.307495 0.615967 0.003174 0.004395
0 0.307495 0.611816 0.003174 0.003906
