3 0.437012 0.256958 0.010254 0.018311
0 0.766602 0.278564 0.007324 0.008301
0 0.437866 0.269775 0.010010 0.006836
0 0.481201 0.276001 0.005859 0.009521
0 0.801270 0.300415 0.014648 0.026123
3 0.802368 0.297974 0.012451 0.016357
0 0.858765 0.245728 0.008545 0.007568
0 0.877563 0.277466 0.004639 0.010010
0 0.028564 0.271362 0.005371 0.011963
0 0.766479 0.286133 0.007080 0.005371
0 0.721313 0.242920 0.003662 0.006836
0 0.354248 0.262573 0.009277 0.003174
0 0.801025 0.309937 0.015625 0.007080
0 0.481567 0.282959 0.005615 0.004883
