3 0.538208 0.475708 0.010986 0.031982
2 0.417480 0.433960 0.016602 0.024658
2 0.788452 0.413940 0.005127 0.009521
2 0.927979 0.299194 0.028809 0.048096
0 0.961182 0.358521 0.076172 0.109131
0 0.490112 0.478149 0.033936 0.019287
0 0.449463 0.485718 0.030273 0.019287
3 0.905029 0.224731 0.068848 0.092041
4 0.898438 0.137451 0.059570 0.093750
0 0.787598 0.403198 0.004395 0.010498
0 0.788208 0.422241 0.005615 0.005615
0 0.678345 0.440430 0.003662 0.007812
0 0.316406 0.498169 0.002930 0.005615
0 0.899780 0.173706 0.036865 0.038330
