0 0.080200 0.508179 0.027100 0.031494
0 0.814453 0.714722 0.034180 0.018311
0 0.054077 0.541870 0.034424 0.027100
0 0.096191 0.540894 0.035645 0.028076
0 0.449585 0.715088 0.009033 0.016113
0 0.091187 0.579468 0.034424 0.048584
0 0.572876 0.723389 0.011475 0.006348
3 0.905640 0.675415 0.028076 0.035400
0 0.049194 0.581177 0.031006 0.047119
1 0.437012 0.733398 0.013184 0.013184
0 0.085327 0.465332 0.028076 0.042969
0 0.044922 0.624390 0.031738 0.033936
0 0.087524 0.624146 0.030518 0.035400
0 0.644775 0.680420 0.007812 0.013672
0 0.603149 0.724609 0.013916 0.007812
