2 0.177979 0.419556 0.008301 0.010986
3 0.381104 0.419189 0.060059 0.079590
3 0.951904 0.351318 0.062012 0.077637
3 0.953125 0.264771 0.086426 0.093506
3 0.537842 0.401245 0.028809 0.041260
4 0.255859 0.424316 0.008789 0.010742
3 0.427490 0.402710 0.019531 0.040283
3 0.656616 0.427979 0.017334 0.025879
3 0.335815 0.427734 0.010498 0.025879
0 0.666382 0.410767 0.036377 0.011475
0 0.414795 0.370239 0.036621 0.028564
0 0.041382 0.396484 0.023682 0.035156
3 0.147583 0.419922 0.006592 0.009277
0 0.518921 0.367676 0.055420 0.025391
0 0.341797 0.410156 0.020996 0.011230
0 0.347046 0.420532 0.007568 0.009521
