0 0.602539 0.512573 0.015625 0.005615
0 0.606689 0.497192 0.005859 0.016846
0 0.644897 0.510498 0.007080 0.009277
0 0.654663 0.510376 0.007568 0.010010
2 0.654419 0.495972 0.007568 0.009521
0 0.663818 0.495850 0.006836 0.009277
0 0.635620 0.510986 0.007568 0.010254
0 0.644897 0.495850 0.007568 0.010254
0 0.640137 0.495972 0.060547 0.014404
0 0.635498 0.496216 0.007812 0.009521
0 0.640137 0.511353 0.060059 0.015381
0 0.244385 0.500122 0.006836 0.021240
3 0.291260 0.498901 0.005859 0.017822
0 0.389771 0.507202 0.007568 0.005127
0 0.606567 0.482910 0.006592 0.016602
0 0.602783 0.517700 0.016113 0.005127
0 0.640137 0.481323 0.059570 0.014893
2 0.663696 0.510376 0.007568 0.010010
0 0.206787 0.562500 0.027832 0.006836
