1 0.593384 0.734985 0.035889 0.024658
0 0.757202 0.721191 0.021729 0.027832
0 0.410889 0.722168 0.014648 0.016113
0 0.669922 0.735718 0.003906 0.010010
0 0.411011 0.709839 0.011475 0.007568
0 0.265259 0.724365 0.004150 0.003418
0 0.282471 0.693115 0.009277 0.003418
0 0.726807 0.732910 0.004883 0.011719
0 0.269775 0.721069 0.002930 0.004639
0 0.303955 0.710815 0.004883 0.004639
0 0.303833 0.714844 0.003662 0.003418
3 0.333374 0.709717 0.004639 0.013184
3 0.351929 0.722778 0.008545 0.016846
0 0.577637 0.718018 0.003418 0.010254
3 0.362671 0.710205 0.015381 0.006836
0 0.276123 0.720337 0.004395 0.006592
0 0.438599 0.715942 0.032471 0.044189
