3 0.447510 0.106445 0.044922 0.069336
3 0.431885 0.455566 0.012207 0.015625
3 0.187012 0.075439 0.051270 0.072266
3 0.471680 0.539673 0.009766 0.011963
0 0.495117 0.434692 0.056641 0.017334
3 0.450073 0.522217 0.009033 0.012207
3 0.374390 0.457886 0.012451 0.016846
0 0.448853 0.560913 0.011475 0.005615
0 0.471069 0.521851 0.009033 0.018311
3 0.309814 0.452026 0.013184 0.017822
3 0.247925 0.437866 0.014893 0.019287
0 0.228882 0.547729 0.012451 0.005615
1 0.470825 0.550415 0.010498 0.007080
0 0.229980 0.576782 0.007324 0.014893
0 0.260864 0.574829 0.004150 0.007568
