0 0.598633 0.623657 0.019531 0.020752
0 0.121948 0.594238 0.008057 0.008789
0 0.131104 0.603149 0.007324 0.010986
0 0.130371 0.611572 0.006348 0.008789
0 0.022949 0.632812 0.014648 0.005371
0 0.029541 0.628296 0.006836 0.006104
0 0.536987 0.637207 0.010498 0.014160
0 0.643677 0.612671 0.025635 0.015869
0 0.714600 0.545898 0.026855 0.033203
0 0.015625 0.608765 0.015625 0.024658
0 0.988647 0.610229 0.010498 0.026123
2 0.567871 0.596191 0.010254 0.014160
0 0.121826 0.602661 0.008301 0.006592
0 0.121826 0.610596 0.007812 0.007324
