3 0.920410 0.617310 0.012695 0.017822
0 0.435181 0.278809 0.093506 0.055176
3 0.921631 0.642944 0.012695 0.017822
0 0.007324 0.152588 0.014648 0.159180
0 0.161987 0.128174 0.276123 0.232910
1 0.921143 0.629761 0.012207 0.008057
1 0.922852 0.655640 0.012695 0.007080
3 0.420288 0.662109 0.004150 0.006836
0 0.325928 0.651489 0.011719 0.014893
0 0.538086 0.657715 0.006348 0.008789
0 0.642700 0.627441 0.005615 0.030762
0 0.425659 0.661499 0.005127 0.006592
0 0.120972 0.190430 0.036865 0.043457
0 0.205933 0.194336 0.037842 0.046875
