0 0.390991 0.481689 0.012451 0.022461
0 0.631226 0.479858 0.004150 0.003662
0 0.638916 0.465088 0.006836 0.007812
0 0.611084 0.534790 0.005859 0.004150
0 0.594360 0.535278 0.014404 0.005615
0 0.406494 0.490845 0.031738 0.009033
0 0.610962 0.529175 0.006592 0.005615
0 0.595093 0.525513 0.004639 0.007080
0 0.526978 0.566772 0.004150 0.007080
0 0.609863 0.546143 0.005859 0.013184
0 0.406250 0.445801 0.032227 0.031250
3 0.406250 0.505615 0.032715 0.018066
0 0.396606 0.455444 0.057373 0.131104
0 0.636719 0.489380 0.029785 0.039307
0 0.591675 0.580566 0.003662 0.007812
0 0.377686 0.405762 0.010742 0.013184
4 0.611328 0.518433 0.009766 0.014404
0 0.638916 0.451416 0.010742 0.018066
3 0.835083 0.428589 0.026611 0.048096
3 0.441772 0.519043 0.012939 0.025391
0 0.594360 0.542480 0.014404 0.006348
0 0.587402 0.557739 0.003418 0.005615
