0 0.360840 0.570679 0.032227 0.036377
0 0.515259 0.575195 0.004150 0.005859
0 0.636230 0.592773 0.013184 0.018066
0 0.544189 0.585938 0.019531 0.010742
0 0.431030 0.577515 0.010986 0.020264
0 0.361084 0.566528 0.020020 0.009033
0 0.428711 0.578979 0.004395 0.005615
0 0.512817 0.573975 0.011475 0.019531
0 0.510254 0.575562 0.003906 0.005615
0 0.433960 0.578735 0.004150 0.005615
0 0.431030 0.591309 0.010986 0.006348
0 0.433472 0.580444 0.019287 0.010010
0 0.512329 0.587769 0.011475 0.007080
0 0.636108 0.604248 0.003662 0.004395
