3 0.681519 0.674194 0.011475 0.015869
0 0.652588 0.687744 0.004883 0.007324
0 0.407227 0.680786 0.004395 0.007080
0 0.526489 0.683716 0.040771 0.011475
0 0.639160 0.673584 0.008301 0.008789
0 0.768311 0.691040 0.004883 0.006592
0 0.624390 0.670166 0.011963 0.014648
0 0.534668 0.684937 0.004395 0.007080
0 0.518066 0.684570 0.004395 0.006836
0 0.400269 0.680542 0.005127 0.007568
0 0.635742 0.688110 0.005371 0.007080
0 0.644653 0.686890 0.039307 0.012451
0 0.576904 0.684204 0.004395 0.007568
0 0.466431 0.682739 0.005127 0.007080
0 0.751831 0.690796 0.004639 0.007080
0 0.481689 0.636230 0.010742 0.015137
0 0.354248 0.615479 0.014160 0.038086
0 0.432251 0.634644 0.009033 0.014893
0 0.831177 0.683105 0.004639 0.007324
0 0.531006 0.637695 0.010742 0.015625
0 0.585449 0.684814 0.039551 0.010742
0 0.177490 0.610474 0.016602 0.036865
0 0.467651 0.682007 0.039795 0.011963
0 0.295410 0.614746 0.015625 0.039062
0 0.593872 0.684937 0.004639 0.008057
0 0.760132 0.690796 0.039307 0.010498
3 0.723511 0.675781 0.012939 0.015625
0 0.579712 0.639648 0.010010 0.015137
0 0.409058 0.679688 0.040283 0.010254
