0 0.178589 0.668213 0.015869 0.023926
2 0.134277 0.679199 0.014648 0.016602
3 0.537354 0.677979 0.008301 0.013184
0 0.349121 0.670776 0.017578 0.032959
3 0.030884 0.671631 0.010498 0.011230
3 0.542358 0.640869 0.009033 0.013672
3 0.026733 0.683472 0.007080 0.010010
0 0.052612 0.688477 0.004639 0.008789
3 0.056152 0.675049 0.007324 0.010742
0 0.345459 0.677979 0.004883 0.006836
3 0.350586 0.665894 0.008789 0.015869
3 0.119385 0.693970 0.005371 0.007080
0 0.538452 0.660400 0.033936 0.063965
0 0.350708 0.679810 0.004150 0.006592
