0 0.268066 0.574341 0.003906 0.004639
0 0.014038 0.561279 0.008057 0.010742
0 0.603638 0.533203 0.019287 0.044434
3 0.062256 0.562622 0.008789 0.011963
4 0.957031 0.591187 0.018555 0.023193
0 0.590088 0.583496 0.005371 0.007324
3 0.806396 0.591797 0.010254 0.012695
0 0.958618 0.608398 0.017334 0.008789
0 0.876465 0.589722 0.009766 0.012451
0 0.476440 0.567505 0.004639 0.009033
0 0.589966 0.588013 0.005127 0.002197
4 0.603394 0.527222 0.015869 0.020752
0 0.513306 0.580688 0.002686 0.002686
0 0.476562 0.566284 0.002930 0.004150
