0 0.522705 0.584473 0.002441 0.004395
2 0.486816 0.573975 0.003906 0.007812
0 0.235718 0.484131 0.022705 0.038574
0 0.573486 0.588623 0.001953 0.003906
2 0.588379 0.577759 0.004883 0.006592
2 0.817627 0.495605 0.024414 0.044922
0 0.486816 0.581177 0.004395 0.005615
0 0.575317 0.583984 0.003174 0.003906
0 0.576172 0.590820 0.004883 0.009766
0 0.590942 0.593628 0.004150 0.005615
2 0.600464 0.585571 0.005127 0.007568
3 0.591309 0.568970 0.004883 0.007568
0 0.593262 0.581421 0.009766 0.017822
3 0.629395 0.572998 0.008301 0.010742
3 0.629028 0.584106 0.008545 0.010498
3 0.755859 0.433228 0.026855 0.034912
0 0.768188 0.500244 0.053955 0.101074
0 0.817017 0.533081 0.024170 0.031494
3 0.756592 0.499146 0.016602 0.021729
0 0.595337 0.581543 0.002686 0.003906
0 0.486328 0.585327 0.003906 0.002197
3 0.780518 0.500122 0.017578 0.023682
0 0.591309 0.581543 0.002930 0.003906
