0 0.233643 0.411987 0.014160 0.056885
0 0.434082 0.385498 0.039062 0.029297
0 0.469849 0.386963 0.025635 0.027344
2 0.348389 0.377319 0.011230 0.015381
3 0.233643 0.426880 0.009277 0.010986
0 0.325806 0.372192 0.029541 0.014893
0 0.390747 0.382690 0.039795 0.051514
0 0.361572 0.389526 0.012695 0.006592
3 0.361938 0.378296 0.011963 0.015381
0 0.328369 0.457886 0.005859 0.015869
0 0.843750 0.458252 0.014160 0.014160
0 0.348267 0.388794 0.012451 0.006104
3 0.376465 0.391235 0.005859 0.008057
3 0.390381 0.392090 0.005859 0.008301
0 0.397705 0.392578 0.005859 0.007812
0 0.404785 0.392822 0.005859 0.007324
3 0.234009 0.396606 0.009033 0.010986
0 0.284790 0.467529 0.003662 0.019043
0 0.383545 0.391724 0.005859 0.007568
0 0.233887 0.411865 0.008789 0.011230
