3 0.569458 0.791382 0.004639 0.008057
0 0.577881 0.800659 0.003906 0.006592
0 0.548096 0.800049 0.004395 0.007324
0 0.581909 0.800171 0.004150 0.006104
0 0.562744 0.800659 0.003906 0.006104
3 0.552979 0.800537 0.003906 0.006836
0 0.582886 0.791992 0.004639 0.007812
0 0.587891 0.792114 0.003906 0.007080
0 0.608887 0.792725 0.004883 0.007812
0 0.044678 0.673340 0.012207 0.020020
0 0.593506 0.791992 0.004883 0.006836
0 0.325439 0.758179 0.006836 0.009521
0 0.286255 0.753540 0.007080 0.010010
0 0.563721 0.790527 0.005859 0.008301
0 0.261353 0.749023 0.005615 0.009277
0 0.139526 0.682251 0.012939 0.019287
3 0.318237 0.757324 0.006592 0.009277
1 0.123901 0.682251 0.013428 0.019775
1 0.603027 0.792114 0.004395 0.007080
3 0.293335 0.753906 0.006104 0.009277
0 0.083740 0.678589 0.015625 0.018799
3 0.031372 0.671509 0.013916 0.018311
3 0.267944 0.749512 0.007080 0.009277
3 0.097656 0.680054 0.013184 0.018799
0 0.570312 0.800781 0.004395 0.006348
0 0.566650 0.801025 0.003906 0.006348
