1 0.979370 0.396484 0.040283 0.111328
1 0.053345 0.423218 0.002197 0.005127
0 0.080688 0.428833 0.002197 0.005127
1 0.044556 0.454346 0.002686 0.007324
0 0.048950 0.387817 0.003174 0.004639
0 0.394165 0.482544 0.002686 0.005127
0 0.053345 0.389893 0.004639 0.006348
0 0.137817 0.418091 0.002197 0.004639
1 0.144653 0.446533 0.002686 0.005371
0 0.187622 0.456665 0.003662 0.006592
0 0.204346 0.476685 0.002930 0.007568
1 0.245361 0.474609 0.003906 0.006348
1 0.015381 0.453979 0.003418 0.007568
4 0.146118 0.477295 0.010010 0.017090
0 0.360474 0.457886 0.012451 0.019287
1 0.005615 0.457031 0.003418 0.007324
0 0.394409 0.482788 0.004150 0.013916
