2 0.926514 0.601196 0.020996 0.054932
0 0.488770 0.734253 0.012207 0.009521
0 0.460693 0.746948 0.002441 0.005615
0 0.926270 0.691650 0.023438 0.026367
0 0.465332 0.746948 0.001953 0.006104
0 0.427124 0.757935 0.002197 0.005615
0 0.988770 0.352661 0.021973 0.122314
0 0.926392 0.639038 0.022217 0.028564
0 0.409790 0.746826 0.003174 0.007324
0 0.395508 0.756226 0.001953 0.005615
0 0.411255 0.756836 0.001709 0.007324
3 0.981079 0.215698 0.037354 0.156982
0 0.377441 0.746704 0.002930 0.007080
0 0.463623 0.753540 0.006836 0.010010
0 0.488159 0.748169 0.008545 0.018799
3 0.038940 0.070435 0.077881 0.140869
3 0.537354 0.720703 0.012695 0.028320
0 0.437500 0.748901 0.002930 0.006104
3 0.804810 0.715454 0.011475 0.032959
2 0.957642 0.677612 0.041748 0.065674
3 0.956543 0.615479 0.027832 0.068359
0 0.488770 0.716187 0.008789 0.028076
0 0.926147 0.665405 0.022217 0.025146
