0 0.156006 0.515259 0.009277 0.016846
0 0.760864 0.490356 0.008057 0.024170
0 0.790771 0.525146 0.007324 0.007812
0 0.156006 0.531738 0.011230 0.010742
3 0.959839 0.453003 0.020264 0.030029
0 0.760986 0.512939 0.020996 0.018555
0 0.445679 0.502930 0.013916 0.019531
0 0.363525 0.487915 0.006836 0.035889
0 0.740112 0.484375 0.017822 0.008789
0 0.683716 0.493286 0.012939 0.005615
0 0.683960 0.504883 0.013428 0.017090
0 0.682861 0.480957 0.015137 0.016113
0 0.804565 0.528198 0.049072 0.024170
3 0.682373 0.463623 0.014648 0.019531
0 0.459229 0.502441 0.014160 0.018555
0 0.740356 0.494385 0.018311 0.011719
0 0.967773 0.430176 0.013184 0.023926
