3 0.038330 0.450684 0.059082 0.075684
2 0.520996 0.457520 0.022461 0.028320
4 0.039185 0.368042 0.078369 0.096924
4 0.762329 0.348267 0.074463 0.093018
2 0.009888 0.498535 0.019775 0.025879
3 0.335938 0.526367 0.005859 0.007324
3 0.395630 0.528809 0.006104 0.007812
1 0.408081 0.530884 0.004150 0.009521
2 0.395630 0.522705 0.005615 0.007324
0 0.242798 0.528442 0.006104 0.007568
0 0.336060 0.532837 0.004150 0.006104
3 0.395508 0.535522 0.003906 0.005127
0 0.414307 0.525879 0.019043 0.022461
0 0.379517 0.523315 0.004150 0.006592
