3 0.236938 0.456543 0.012939 0.017578
4 0.490845 0.482422 0.009521 0.012695
3 0.605713 0.475708 0.017578 0.027100
0 0.470093 0.489990 0.003662 0.004883
3 0.483154 0.484253 0.006836 0.010498
0 0.496582 0.427002 0.022461 0.011230
3 0.377563 0.499023 0.007568 0.009766
3 0.376831 0.474976 0.007568 0.012939
3 0.605835 0.452026 0.013916 0.018311
0 0.595825 0.452148 0.009521 0.028809
0 0.377563 0.422363 0.009521 0.015137
0 0.480225 0.487793 0.004395 0.005371
0 0.480103 0.484497 0.004150 0.002686
0 0.640991 0.473022 0.005127 0.020264
0 0.595947 0.470337 0.009766 0.008545
3 0.507446 0.484863 0.004639 0.005859
