2 0.061401 0.451538 0.024170 0.093506
4 0.045898 0.683716 0.091797 0.115967
0 0.824829 0.540527 0.006592 0.011230
0 0.893433 0.358276 0.056885 0.053955
0 0.892456 0.400513 0.131104 0.054932
0 0.987427 0.443359 0.014893 0.027344
0 0.842041 0.539429 0.009277 0.024170
0 0.343994 0.622070 0.067383 0.023926
0 0.845459 0.321777 0.039551 0.082520
3 0.844604 0.374146 0.026611 0.043701
3 0.882324 0.435791 0.102051 0.047852
1 0.851807 0.337769 0.021973 0.018311
3 0.844238 0.311279 0.032715 0.040527
0 0.859009 0.404541 0.020264 0.025391
0 0.835693 0.346558 0.013184 0.028564
