0 0.517334 0.208252 0.145508 0.196289
0 0.015503 0.490479 0.026123 0.029785
0 0.666992 0.225708 0.132812 0.134033
0 0.401611 0.540039 0.002930 0.014160
0 0.793335 0.233643 0.104736 0.097168
0 0.987305 0.462036 0.024414 0.111084
0 0.194824 0.526978 0.001953 0.018311
0 0.015747 0.482056 0.003662 0.005615
3 0.401733 0.527466 0.005127 0.011963
3 0.195679 0.511230 0.003174 0.013184
0 0.648804 0.537598 0.002197 0.013672
0 0.239746 0.445557 0.005371 0.014648
0 0.254761 0.461060 0.005127 0.008057
3 0.447266 0.474609 0.004395 0.008789
0 0.655151 0.435913 0.005615 0.010498
0 0.546265 0.152222 0.020264 0.045654
0 0.426514 0.474121 0.004883 0.008789
0 0.489380 0.149536 0.025146 0.025635
