3 0.744507 0.611694 0.007080 0.009521
0 0.713135 0.597900 0.008789 0.006836
3 0.713379 0.604736 0.008301 0.006836
1 0.745117 0.623901 0.004395 0.015381
0 0.704346 0.598389 0.007812 0.006836
0 0.703735 0.590088 0.008057 0.010254
0 0.712402 0.588623 0.008789 0.010742
3 0.704590 0.605103 0.007812 0.007080
0 0.733887 0.565674 0.013672 0.017090
0 0.426270 0.613281 0.005371 0.010254
0 0.707153 0.579102 0.007568 0.010254
1 0.734375 0.580566 0.013672 0.011719
0 0.760010 0.574097 0.019531 0.016846
0 0.733398 0.592163 0.006836 0.010986
3 0.769653 0.609985 0.006592 0.009521
0 0.729248 0.574463 0.020508 0.017090
0 0.740234 0.607056 0.018066 0.015869
