0 0.435059 0.486084 0.002930 0.004883
4 0.989746 0.235840 0.019531 0.109375
3 0.319946 0.488159 0.009033 0.010986
0 0.569214 0.448975 0.010498 0.021973
3 0.429565 0.494141 0.005615 0.007812
3 0.774048 0.330078 0.023682 0.062988
3 0.580078 0.496216 0.017578 0.024658
3 0.930664 0.493286 0.029785 0.044189
2 0.810059 0.382812 0.008301 0.013184
0 0.517944 0.472778 0.003662 0.005127
0 0.446167 0.485352 0.012939 0.009766
3 0.569702 0.445435 0.008545 0.011475
0 0.391724 0.497070 0.002686 0.004395
3 0.484985 0.475952 0.003174 0.007080
