2 0.990845 0.578125 0.006104 0.006836
0 0.564331 0.585205 0.012939 0.017578
1 0.591919 0.582886 0.012939 0.017822
0 0.626343 0.636841 0.004150 0.021729
0 0.578979 0.594482 0.058838 0.056641
0 0.755249 0.648682 0.009033 0.041992
0 0.515869 0.647461 0.004883 0.028320
0 0.580200 0.639282 0.009033 0.021240
2 0.474609 0.498291 0.006348 0.008789
0 0.453369 0.638428 0.003418 0.015625
0 0.469849 0.646362 0.005615 0.025635
0 0.460693 0.645020 0.005859 0.024902
0 0.449707 0.637207 0.002930 0.013672
0 0.994141 0.602417 0.002930 0.014893
0 0.443726 0.636719 0.003174 0.015137
0 0.354370 0.633057 0.025146 0.046387
0 0.276733 0.588623 0.017822 0.024414
0 0.488525 0.646240 0.006348 0.025879
0 0.433594 0.612061 0.007324 0.016602
