0 0.548096 0.675903 0.011230 0.018799
4 0.019287 0.650513 0.033203 0.070557
3 0.022095 0.570068 0.029541 0.072754
3 0.627930 0.650391 0.030762 0.051758
3 0.588135 0.675903 0.016602 0.031494
3 0.333862 0.658813 0.031982 0.059326
0 0.436523 0.713379 0.007812 0.051758
0 0.618896 0.684326 0.008789 0.016113
0 0.333252 0.728394 0.014160 0.072998
0 0.530640 0.694336 0.006104 0.029297
0 0.505005 0.705200 0.005615 0.034424
0 0.095337 0.563232 0.093994 0.067383
0 0.427856 0.701416 0.004639 0.028809
0 0.459351 0.706055 0.006592 0.041504
