3 0.768677 0.779175 0.017334 0.024170
3 0.454346 0.776733 0.014160 0.018799
0 0.404907 0.523071 0.057861 0.028076
0 0.462524 0.790283 0.035400 0.066406
0 0.560791 0.528320 0.057617 0.027344
0 0.720825 0.532959 0.058838 0.027832
0 0.087402 0.512695 0.056641 0.027344
0 0.249023 0.518066 0.056152 0.027344
3 0.649170 0.781860 0.013672 0.018311
0 0.675293 0.796631 0.041992 0.075684
0 0.654907 0.795654 0.031006 0.067383
0 0.262939 0.786621 0.041992 0.067383
0 0.752930 0.667480 0.029785 0.056152
0 0.621460 0.660889 0.031006 0.053711
0 0.491943 0.656128 0.028809 0.054443
0 0.395630 0.720093 0.015869 0.021240
0 0.238159 0.646729 0.028076 0.053711
0 0.364746 0.650635 0.028320 0.053223
0 0.062012 0.778931 0.039551 0.077393
3 0.015137 0.760010 0.016113 0.022461
0 0.083862 0.776245 0.021240 0.049072
0 0.486328 0.448364 0.193359 0.049072
1 0.907349 0.862549 0.057373 0.043945
0 0.218994 0.736572 0.016113 0.066406
