3 0.206665 0.285889 0.012451 0.020508
0 0.560913 0.372192 0.008545 0.010986
0 0.636353 0.393188 0.005127 0.006592
0 0.536499 0.359741 0.011963 0.009521
0 0.622925 0.386475 0.005127 0.006836
0 0.639893 0.383301 0.010254 0.007812
0 0.556152 0.368774 0.009766 0.008545
0 0.569702 0.383057 0.005127 0.006836
0 0.741211 0.377075 0.023438 0.018311
0 0.589233 0.370361 0.014893 0.005371
0 0.701050 0.388184 0.013428 0.010254
0 0.847168 0.330200 0.025391 0.063232
2 0.848022 0.322998 0.021240 0.031738
0 0.628662 0.382324 0.008301 0.011230
0 0.593994 0.362427 0.023438 0.017334
0 0.627075 0.382690 0.007568 0.010986
0 0.642090 0.394531 0.004395 0.005859
