0 0.516602 0.570923 0.018555 0.023682
3 0.016968 0.435791 0.018799 0.026367
0 0.497192 0.566284 0.018311 0.022705
0 0.495728 0.538086 0.015381 0.020996
4 0.028442 0.457886 0.015869 0.019775
2 0.025391 0.474487 0.016113 0.022705
0 0.454956 0.531494 0.014893 0.020508
3 0.439331 0.576660 0.014404 0.020996
0 0.477905 0.563110 0.016846 0.022705
0 0.475342 0.535034 0.014648 0.019287
0 0.435303 0.529175 0.013672 0.018799
0 0.463379 0.558472 0.014648 0.022217
0 0.447388 0.556030 0.013916 0.021240
0 0.517578 0.541382 0.016113 0.020264
0 0.431274 0.553101 0.014404 0.019287
