0 0.389771 0.305786 0.133057 0.052002
0 0.866211 0.322632 0.053223 0.023682
0 0.983276 0.327759 0.032959 0.023193
0 0.776611 0.584839 0.023926 0.046143
0 0.593994 0.585327 0.023926 0.047119
0 0.396973 0.582153 0.023438 0.047119
0 0.260376 0.653076 0.041748 0.039062
3 0.172729 0.593018 0.010986 0.015137
0 0.211792 0.580688 0.024170 0.047607
0 0.119263 0.667603 0.006104 0.013428
0 0.046997 0.586914 0.007568 0.015137
0 0.035034 0.576660 0.022217 0.046875
0 0.028076 0.644653 0.035156 0.039307
3 0.354492 0.663574 0.011719 0.015137
3 0.776367 0.578857 0.017578 0.024414
3 0.593384 0.578247 0.018799 0.025635
3 0.396729 0.575806 0.018066 0.024170
3 0.212036 0.573608 0.016846 0.023193
3 0.035034 0.571167 0.014893 0.023682
