0 0.407104 0.358521 0.012451 0.016846
0 0.707764 0.348999 0.015137 0.028076
3 0.951904 0.256470 0.020020 0.024658
0 0.961914 0.278564 0.075195 0.085449
0 0.607300 0.357666 0.014404 0.010254
3 0.705078 0.342896 0.005859 0.009521
0 0.445435 0.359985 0.006592 0.014893
0 0.472534 0.368652 0.010986 0.006836
0 0.989258 0.204224 0.020996 0.076904
0 0.631958 0.366211 0.006592 0.014160
0 0.634888 0.384521 0.007080 0.014648
0 0.180908 0.254639 0.024414 0.040039
0 0.476074 0.404541 0.020508 0.015137
0 0.599121 0.404663 0.004883 0.006592
0 0.594238 0.406372 0.003906 0.004639
0 0.608032 0.397705 0.004639 0.011719
