3 0.807373 0.182739 0.020996 0.032471
3 0.719116 0.205811 0.043213 0.065430
0 0.572510 0.259888 0.018555 0.012451
4 0.717285 0.070435 0.051270 0.071045
0 0.572266 0.232056 0.035156 0.044678
3 0.718506 0.139038 0.044434 0.067627
3 0.547363 0.336914 0.003418 0.008301
0 0.768677 0.154297 0.186279 0.182129
2 0.795166 0.274902 0.020020 0.030762
0 0.516479 0.287109 0.076416 0.036621
3 0.527710 0.310181 0.006592 0.010986
3 0.527954 0.322876 0.003662 0.012451
3 0.552979 0.319824 0.005859 0.007812
2 0.529663 0.337280 0.009033 0.015381
0 0.769043 0.277832 0.180664 0.070801
