0 0.725952 0.632812 0.039307 0.054688
0 0.477905 0.724854 0.005615 0.011719
0 0.477661 0.715820 0.009521 0.008301
0 0.477661 0.709717 0.009033 0.003418
3 0.478027 0.702026 0.008789 0.011475
3 0.477417 0.690796 0.007568 0.010010
0 0.473145 0.729248 0.004883 0.006348
3 0.557129 0.693970 0.019531 0.026611
0 0.205322 0.698975 0.009277 0.023438
0 0.256836 0.713135 0.005859 0.016113
3 0.258057 0.691650 0.005371 0.026855
0 0.365356 0.719604 0.005127 0.010010
0 0.452637 0.741211 0.004883 0.004883
3 0.436890 0.735596 0.007080 0.008789
0 0.726074 0.677490 0.044922 0.034668
3 0.206055 0.668945 0.009766 0.036133
0 0.557129 0.715088 0.003906 0.015137
