3 0.213501 0.426392 0.006104 0.007080
3 0.147217 0.415527 0.008301 0.009766
3 0.195312 0.414551 0.008301 0.006348
3 0.040894 0.406616 0.014404 0.013916
3 0.146240 0.401611 0.008301 0.010742
3 0.213379 0.416138 0.005859 0.006104
0 0.146729 0.408447 0.010254 0.003418
0 0.147095 0.423584 0.008545 0.006348
3 0.231323 0.432861 0.003174 0.005371
0 0.195557 0.419189 0.007812 0.003418
0 0.223511 0.433594 0.003174 0.004883
0 0.040649 0.417969 0.015381 0.010254
0 0.022949 0.410889 0.018555 0.028320
0 0.335327 0.467041 0.014404 0.015625
