0 0.552979 0.538330 0.019043 0.031738
0 0.553467 0.572510 0.020020 0.033203
0 0.514160 0.631226 0.005371 0.003174
0 0.504761 0.608398 0.010010 0.014648
0 0.504639 0.622681 0.009277 0.013428
0 0.232666 0.583496 0.020508 0.011719
0 0.233154 0.570923 0.004883 0.013428
3 0.553955 0.596069 0.019043 0.013428
0 0.529419 0.631104 0.003662 0.020020
1 0.528931 0.609253 0.008545 0.020264
0 0.517578 0.635742 0.001465 0.012695
1 0.504517 0.634033 0.010010 0.006348
3 0.197388 0.578491 0.008545 0.041748
0 0.105957 0.559204 0.027344 0.056885
