3 0.610352 0.587891 0.007812 0.011230
3 0.449341 0.593140 0.009033 0.011475
3 0.623169 0.587769 0.008545 0.011475
3 0.545288 0.591919 0.007568 0.010498
3 0.462280 0.599609 0.005127 0.007324
0 0.555054 0.586304 0.006104 0.008057
3 0.535278 0.597046 0.004639 0.006592
4 0.616211 0.573975 0.008301 0.010742
4 0.449341 0.575562 0.010010 0.011963
0 0.555664 0.598145 0.006348 0.008789
4 0.544800 0.575317 0.009521 0.011963
0 0.545044 0.583252 0.007568 0.004395
0 0.616699 0.580688 0.006348 0.003174
0 0.449463 0.584229 0.007812 0.004883
