0 0.539795 0.451538 0.021484 0.035400
0 0.727661 0.597778 0.006592 0.032959
0 0.567383 0.618408 0.003418 0.006348
0 0.507935 0.600342 0.002197 0.004883
0 0.562622 0.614380 0.002686 0.008545
0 0.551514 0.608154 0.005371 0.008789
0 0.543457 0.608643 0.006836 0.006348
0 0.543091 0.595581 0.006592 0.005615
0 0.539307 0.466187 0.032715 0.074951
0 0.481812 0.443359 0.020752 0.018555
0 0.635132 0.458618 0.034912 0.076904
0 0.586426 0.462402 0.034668 0.075684
0 0.551147 0.599487 0.005615 0.010010
3 0.586792 0.449707 0.021729 0.036621
3 0.634277 0.446289 0.022949 0.037598
0 0.493164 0.469971 0.044434 0.078125
3 0.543457 0.601562 0.007324 0.009277
0 0.503174 0.598022 0.003906 0.007080
0 0.368896 0.595825 0.005371 0.031006
0 0.494385 0.601929 0.009277 0.008545
