2 0.470093 0.516968 0.013428 0.023193
0 0.359375 0.568115 0.004883 0.004883
0 0.401367 0.563599 0.008301 0.008057
0 0.428467 0.562866 0.003418 0.008545
0 0.191162 0.490601 0.053711 0.048096
0 0.189941 0.522705 0.053711 0.019531
0 0.521118 0.547485 0.020752 0.013916
0 0.329712 0.556763 0.008057 0.014404
3 0.359863 0.560791 0.004883 0.008789
2 0.317261 0.531494 0.011963 0.020996
2 0.171875 0.490234 0.010254 0.016113
0 0.559570 0.373901 0.030273 0.055908
2 0.033813 0.525513 0.015869 0.026123
0 0.451660 0.565796 0.007812 0.014404
4 0.209473 0.492310 0.012207 0.018799
0 0.514526 0.432373 0.040283 0.026855
0 0.436157 0.540894 0.014404 0.013428
