0 0.867065 0.296143 0.197021 0.143555
3 0.441895 0.624390 0.011230 0.016357
0 0.628662 0.455811 0.044922 0.066895
3 0.357056 0.641235 0.006592 0.005615
1 0.635742 0.608154 0.041016 0.042969
0 0.441284 0.604004 0.011963 0.006348
0 0.379150 0.621582 0.020996 0.021973
0 0.356812 0.632812 0.007080 0.009277
0 0.878296 0.412476 0.118408 0.108154
1 0.630249 0.504395 0.038818 0.043457
0 0.626831 0.411377 0.043213 0.039062
0 0.633179 0.554199 0.045166 0.066406
0 0.441772 0.609497 0.009521 0.008545
0 0.355835 0.656250 0.010010 0.003906
0 0.356689 0.646118 0.007324 0.006104
