0 0.623047 0.460815 0.014648 0.019775
1 0.934692 0.201538 0.028076 0.031006
0 0.920044 0.282959 0.010498 0.058105
0 0.936157 0.223022 0.025146 0.034424
0 0.915161 0.331909 0.008545 0.027588
0 0.553101 0.441895 0.010010 0.003906
0 0.920166 0.234619 0.004883 0.019043
0 0.937744 0.272583 0.027832 0.070557
1 0.937744 0.323242 0.016602 0.031738
0 0.397217 0.463013 0.009277 0.003662
0 0.229004 0.531372 0.008301 0.027588
3 0.937744 0.401489 0.055176 0.116455
0 0.786499 0.337891 0.036377 0.033691
1 0.624512 0.488770 0.011230 0.039062
0 0.786377 0.314697 0.092285 0.036133
0 0.565918 0.448608 0.002441 0.012939
0 0.933472 0.160400 0.033936 0.047852
