0 0.470459 0.077148 0.364258 0.154297
0 0.802856 0.672607 0.017822 0.022949
0 0.830566 0.062012 0.338379 0.124023
0 0.732178 0.549561 0.103516 0.074219
0 0.434692 0.682739 0.026611 0.029541
2 0.608643 0.576782 0.007324 0.011963
0 0.428711 0.672485 0.014648 0.019287
0 0.200317 0.286743 0.070557 0.101807
0 0.632080 0.545166 0.091797 0.035645
0 0.538452 0.657104 0.046143 0.047119
0 0.070679 0.096313 0.141357 0.172119
0 0.877563 0.536255 0.135498 0.077393
0 0.598389 0.682983 0.015625 0.006592
0 0.429565 0.647339 0.015869 0.030518
0 0.633179 0.575684 0.093018 0.039062
0 0.188721 0.499634 0.086426 0.097900
3 0.195312 0.395996 0.078125 0.094238
3 0.536377 0.661377 0.012207 0.016602
3 0.429443 0.644043 0.013184 0.019043
3 0.201660 0.276123 0.051270 0.062988
2 0.322021 0.082153 0.032715 0.043213
2 0.980835 0.533936 0.011475 0.013184
0 0.971680 0.525879 0.055176 0.074707
0 0.647095 0.657349 0.003662 0.005615
