0 0.928589 0.286133 0.141357 0.125488
3 0.810913 0.481079 0.007080 0.010986
0 0.723755 0.413208 0.041260 0.050537
0 0.503662 0.457031 0.015625 0.021484
1 0.785522 0.486816 0.006592 0.023438
0 0.786865 0.443237 0.020020 0.024658
0 0.578003 0.501343 0.005615 0.018311
1 0.724731 0.449707 0.030518 0.022949
0 0.454834 0.466064 0.042969 0.036621
0 0.780762 0.463867 0.008789 0.011719
1 0.504517 0.484375 0.015381 0.010742
0 0.810791 0.489868 0.004395 0.007080
0 0.949097 0.265015 0.037842 0.059326
0 0.504272 0.472656 0.015381 0.010742
0 0.773926 0.441528 0.003418 0.039307
