3 0.434814 0.402832 0.011719 0.017578
3 0.437378 0.248169 0.052490 0.069580
3 0.424438 0.436157 0.004150 0.006104
2 0.386475 0.404053 0.012207 0.015137
0 0.651123 0.528931 0.003906 0.023193
0 0.437744 0.345215 0.051270 0.038086
0 0.435913 0.427368 0.011963 0.011475
0 0.435303 0.416992 0.011719 0.010254
0 0.428101 0.441406 0.004639 0.008301
0 0.391602 0.422363 0.021973 0.031738
0 0.341675 0.438843 0.004639 0.004150
0 0.655396 0.530762 0.005127 0.025391
0 0.386353 0.416382 0.011963 0.008545
0 0.326416 0.436401 0.003906 0.006104
