3 0.507935 0.845215 0.005127 0.007812
3 0.431030 0.836670 0.011475 0.015625
0 0.416626 0.772705 0.026123 0.012207
0 0.418213 0.737549 0.025391 0.011719
2 0.732666 0.811890 0.026855 0.048584
0 0.765869 0.838501 0.009766 0.023682
0 0.786743 0.835205 0.013916 0.024902
0 0.593750 0.767212 0.006348 0.008545
0 0.593628 0.770752 0.009521 0.019043
0 0.586304 0.751709 0.008545 0.015625
0 0.505737 0.855713 0.003174 0.005859
0 0.503418 0.848022 0.002930 0.007568
0 0.088135 0.817505 0.015137 0.006104
0 0.416138 0.758057 0.026611 0.010742
