3 0.615845 0.585205 0.023193 0.038086
0 0.542603 0.593384 0.015869 0.004639
0 0.545166 0.573975 0.004395 0.003906
0 0.541992 0.579102 0.016113 0.004883
0 0.542358 0.607422 0.016357 0.007324
0 0.542480 0.586304 0.016113 0.007568
0 0.542236 0.599976 0.016113 0.006104
0 0.572754 0.577515 0.017090 0.007568
0 0.571411 0.554321 0.004150 0.004150
0 0.572754 0.586060 0.017090 0.009521
0 0.572998 0.569214 0.017578 0.008545
0 0.572998 0.560303 0.017578 0.008789
0 0.616211 0.610596 0.023926 0.012695
0 0.842773 0.644043 0.012207 0.020020
3 0.400513 0.645264 0.010010 0.024902
0 0.572632 0.595337 0.016846 0.008057
0 0.572876 0.603271 0.017334 0.007324
