3 0.573120 0.573975 0.005127 0.009277
4 0.516113 0.574585 0.010254 0.014893
3 0.942139 0.556274 0.021973 0.022217
3 0.576172 0.534180 0.010742 0.010254
3 0.436157 0.568970 0.008057 0.015381
0 0.591797 0.549683 0.012207 0.017822
3 0.591187 0.564575 0.010010 0.010498
0 0.576782 0.520386 0.012939 0.017334
0 0.633789 0.576050 0.027832 0.010498
0 0.592285 0.537598 0.012695 0.007812
0 0.230225 0.537842 0.005371 0.014160
0 0.485352 0.577515 0.009766 0.006592
1 0.574951 0.562134 0.010742 0.011963
0 0.575317 0.548096 0.012939 0.016602
0 0.576904 0.508301 0.011230 0.009277
