3 0.468384 0.500000 0.019287 0.046875
0 0.249146 0.557861 0.023682 0.044434
0 0.256348 0.511719 0.027832 0.012695
0 0.256226 0.490967 0.026123 0.012207
0 0.251831 0.481079 0.007080 0.005615
0 0.226440 0.512207 0.017822 0.011230
0 0.032104 0.518677 0.020752 0.011475
0 0.226318 0.523560 0.017578 0.011475
0 0.328735 0.542480 0.006104 0.010254
0 0.187012 0.513916 0.006348 0.011230
0 0.203125 0.514404 0.004883 0.022949
0 0.187012 0.511597 0.011230 0.023682
3 0.203369 0.536255 0.006348 0.021240
3 0.217651 0.488403 0.023193 0.039795
3 0.186768 0.531250 0.008789 0.014160
1 0.411377 0.605835 0.039062 0.047607
2 0.295776 0.503540 0.017334 0.030029
0 0.256592 0.501953 0.027344 0.008301
0 0.256470 0.524780 0.028076 0.013428
