3 0.568359 0.462769 0.012207 0.012451
3 0.556763 0.453003 0.010498 0.012939
1 0.494873 0.486938 0.003906 0.007080
1 0.500977 0.487183 0.004395 0.006592
0 0.568237 0.446655 0.014404 0.018799
0 0.524902 0.477905 0.016602 0.015381
1 0.491943 0.479980 0.006348 0.005371
1 0.483032 0.487183 0.004150 0.007568
3 0.540161 0.479126 0.004150 0.006104
0 0.552124 0.472656 0.010010 0.014160
1 0.489502 0.487305 0.003418 0.005859
0 0.568726 0.430664 0.015869 0.010742
0 0.686035 0.477295 0.005371 0.009277
0 0.528564 0.474365 0.020508 0.010742
