2 0.909668 0.420288 0.006348 0.007568
2 0.814575 0.419312 0.006104 0.007568
1 0.594727 0.424683 0.023438 0.015869
4 0.594360 0.400146 0.031494 0.038086
0 0.505859 0.402588 0.008301 0.013184
4 0.467163 0.469116 0.010010 0.012451
0 0.909790 0.417358 0.012451 0.021240
0 0.814697 0.416870 0.011719 0.022705
1 0.467773 0.475952 0.005371 0.004150
0 0.462891 0.453857 0.003906 0.005859
0 0.398682 0.490479 0.002930 0.004883
0 0.428467 0.486206 0.003418 0.004639
0 0.450439 0.470093 0.002930 0.004150
0 0.821289 0.443237 0.004395 0.012451
0 0.821655 0.444824 0.002197 0.004883
