3 0.318726 0.475830 0.009033 0.011719
0 0.532349 0.204712 0.019287 0.029541
0 0.429443 0.485718 0.007812 0.008545
0 0.675171 0.474609 0.004150 0.005371
2 0.826050 0.108521 0.057373 0.044189
0 0.719727 0.487061 0.007812 0.011719
0 0.720093 0.496338 0.008057 0.005859
0 0.702515 0.471436 0.003174 0.004395
0 0.632324 0.116089 0.045898 0.046143
2 0.472168 0.488892 0.005859 0.026123
0 0.628540 0.507080 0.039795 0.058105
0 0.429443 0.476562 0.008301 0.007812
4 0.613525 0.463867 0.018066 0.022461
4 0.325562 0.452026 0.027100 0.032959
0 0.430176 0.464355 0.008789 0.016113
4 0.544189 0.492188 0.021973 0.026855
4 0.915527 0.482178 0.023438 0.024902
0 0.576050 0.178467 0.290283 0.201660
3 0.614380 0.484985 0.013428 0.018311
0 0.329102 0.476685 0.002930 0.012451
2 0.470703 0.121704 0.038574 0.043701
4 0.544800 0.464844 0.022217 0.025391
0 0.846558 0.512085 0.021729 0.042725
0 0.533081 0.240601 0.021729 0.031494
2 0.877808 0.105835 0.042236 0.047119
2 0.521240 0.121460 0.036621 0.038330
0 0.648071 0.497070 0.007568 0.009766
0 0.647949 0.486206 0.007324 0.011963
0 0.665405 0.179077 0.027588 0.027100
0 0.858887 0.173340 0.281738 0.203613
