0 0.352661 0.177124 0.097412 0.169678
2 0.443604 0.438843 0.005371 0.007080
3 0.690674 0.319336 0.061035 0.089844
2 0.449707 0.429565 0.005859 0.008545
0 0.554077 0.434326 0.085693 0.036133
0 0.046021 0.178955 0.092041 0.175293
0 0.691406 0.219604 0.094238 0.114990
0 0.552002 0.405762 0.078125 0.032227
0 0.190063 0.172974 0.126709 0.175049
0 0.377441 0.471069 0.005859 0.007568
0 0.548828 0.327393 0.079102 0.131348
0 0.450073 0.452515 0.013428 0.009033
0 0.460693 0.428467 0.005859 0.006836
0 0.456909 0.429321 0.037354 0.029053
