0 0.552612 0.581055 0.004639 0.007324
0 0.752563 0.600342 0.009033 0.014648
0 0.536865 0.582642 0.005371 0.006592
0 0.684326 0.591797 0.007324 0.010742
0 0.777588 0.593872 0.008789 0.010986
0 0.562134 0.580933 0.005127 0.008057
0 0.731934 0.596313 0.008301 0.012939
0 0.815918 0.601196 0.006348 0.013916
0 0.743164 0.593750 0.006836 0.010742
0 0.546875 0.580933 0.004883 0.006592
0 0.575195 0.579346 0.005371 0.007812
0 0.526123 0.584473 0.004395 0.006348
0 0.794922 0.599487 0.007812 0.012451
1 0.526733 0.599609 0.015381 0.019531
0 0.392456 0.573364 0.004639 0.006104
0 0.472290 0.583008 0.007080 0.010742
0 0.556274 0.609497 0.022705 0.030518
0 0.501343 0.588989 0.012451 0.016846
0 0.369629 0.570312 0.006348 0.007812
0 0.386108 0.572876 0.004639 0.007568
0 0.362061 0.570557 0.005859 0.008301
0 0.365601 0.582031 0.006592 0.009277
0 0.362671 0.590454 0.006104 0.008545
0 0.346191 0.573853 0.023438 0.011963
0 0.354370 0.589844 0.008545 0.011230
1 0.333496 0.594971 0.012695 0.017090
0 0.273438 0.591064 0.023438 0.028809
0 0.302979 0.563599 0.026367 0.034424
0 0.178223 0.573364 0.093750 0.035889
0 0.597900 0.585938 0.005371 0.009277
0 0.759644 0.592773 0.007080 0.010742
