3 0.260864 0.544556 0.014893 0.018799
0 0.822266 0.568726 0.029297 0.038818
3 0.260864 0.567505 0.014893 0.025635
0 0.260498 0.595337 0.008789 0.033447
3 0.431396 0.541504 0.005371 0.007812
0 0.368774 0.525879 0.008545 0.010742
0 0.454712 0.518066 0.011963 0.006348
0 0.583252 0.532837 0.004883 0.017822
0 0.407959 0.533936 0.007324 0.013672
0 0.465210 0.517944 0.007568 0.005615
0 0.368774 0.536255 0.008545 0.010986
0 0.577759 0.533325 0.006104 0.017822
0 0.572388 0.527100 0.010010 0.016113
0 0.553711 0.532959 0.004883 0.008789
0 0.369019 0.545532 0.009033 0.005615
