0 0.639160 0.537476 0.004883 0.006592
0 0.644043 0.530151 0.005371 0.006592
0 0.629517 0.528931 0.004639 0.006592
0 0.629639 0.522217 0.004883 0.006348
0 0.629761 0.537109 0.006104 0.007324
0 0.639648 0.522583 0.004883 0.008057
0 0.634521 0.529785 0.003906 0.005859
0 0.634277 0.537354 0.005371 0.007812
0 0.634644 0.522095 0.004639 0.006104
0 0.636353 0.520508 0.031982 0.051758
0 0.485596 0.536987 0.021484 0.017822
0 0.639771 0.529175 0.005127 0.007080
0 0.644287 0.522461 0.004883 0.007812
0 0.574707 0.545776 0.008301 0.015381
0 0.515015 0.518433 0.034424 0.016357
