0 0.607300 0.400391 0.045654 0.051270
0 0.650879 0.406372 0.044434 0.051514
2 0.545410 0.464722 0.010742 0.013428
2 0.596924 0.371460 0.008301 0.011475
2 0.636597 0.485107 0.010498 0.012207
2 0.496826 0.364380 0.007812 0.010010
0 0.549072 0.486450 0.004395 0.005127
0 0.478271 0.391846 0.045898 0.049805
0 0.445435 0.391235 0.019775 0.037354
0 0.670288 0.491943 0.005615 0.004883
0 0.612549 0.372803 0.007812 0.012207
0 0.642456 0.393433 0.009521 0.014893
0 0.716919 0.493896 0.008545 0.008789
0 0.421631 0.465820 0.008789 0.017578
0 0.464478 0.474976 0.005127 0.005127
