0 0.358521 0.395996 0.013428 0.008301
3 0.333740 0.227295 0.083008 0.109863
0 0.711182 0.418701 0.008301 0.010254
3 0.381836 0.340698 0.006348 0.009033
0 0.379028 0.387817 0.006592 0.009033
0 0.343262 0.330566 0.008789 0.007324
0 0.214966 0.326172 0.010010 0.007812
0 0.429565 0.203125 0.054932 0.041504
3 0.471191 0.379150 0.004883 0.006348
0 0.374878 0.198242 0.055908 0.039062
2 0.551514 0.322632 0.011230 0.037354
0 0.471069 0.388184 0.006592 0.007812
3 0.449707 0.379272 0.007324 0.013916
0 0.450806 0.371948 0.007080 0.013916
0 0.456909 0.384277 0.008545 0.006836
2 0.421753 0.317749 0.024170 0.032471
3 0.421753 0.348999 0.019287 0.025146
1 0.422241 0.368408 0.018311 0.011719
3 0.551392 0.357788 0.009521 0.027588
0 0.378540 0.402344 0.004639 0.019531
