0 0.555908 0.545288 0.005371 0.011475
0 0.376343 0.455811 0.007080 0.014648
0 0.597534 0.751587 0.032471 0.059326
0 0.408203 0.456665 0.005859 0.015381
0 0.660767 0.457153 0.013428 0.024658
0 0.726685 0.486572 0.035400 0.027832
0 0.668213 0.483643 0.031738 0.025391
0 0.698364 0.452881 0.063232 0.027344
0 0.146118 0.540283 0.006592 0.009277
0 0.078247 0.530273 0.031006 0.010742
0 0.404297 0.475098 0.015137 0.017090
0 0.379883 0.473633 0.013672 0.016602
0 0.392700 0.453979 0.025146 0.016846
0 0.210938 0.584717 0.097168 0.030762
0 0.642700 0.751465 0.147705 0.074707
0 0.227539 0.459839 0.008789 0.013428
0 0.224854 0.444092 0.014648 0.013184
0 0.167236 0.496826 0.008301 0.011719
0 0.065430 0.527832 0.004395 0.004883
0 0.177002 0.583984 0.020508 0.022461
