3 0.072510 0.391479 0.015625 0.042725
1 0.601562 0.645142 0.009277 0.016357
1 0.527100 0.656494 0.005371 0.009277
0 0.477417 0.662109 0.003662 0.006836
0 0.063965 0.427246 0.045410 0.149414
0 0.406006 0.665527 0.002441 0.004883
0 0.495728 0.344116 0.037842 0.049561
0 0.450195 0.432739 0.016602 0.029541
0 0.680786 0.585205 0.015869 0.029297
0 0.316528 0.585205 0.014893 0.026855
3 0.071655 0.484497 0.010986 0.029541
0 0.058838 0.483643 0.010254 0.027344
3 0.899292 0.470703 0.013916 0.035645
0 0.913818 0.468018 0.012695 0.035645
3 0.927124 0.466309 0.012939 0.034668
3 0.547852 0.434204 0.016113 0.028564
3 0.047363 0.481323 0.009277 0.028564
0 0.055298 0.392944 0.013916 0.043701
0 0.433228 0.664917 0.002686 0.005127
0 0.908569 0.417358 0.056885 0.158936
