0 0.501587 0.697510 0.013916 0.017578
0 0.366333 0.624390 0.019775 0.013428
0 0.296021 0.717163 0.007080 0.010010
0 0.361450 0.728638 0.021729 0.030029
0 0.382568 0.695068 0.008301 0.012207
0 0.236450 0.712646 0.003174 0.010742
0 0.298950 0.674438 0.008545 0.006104
0 0.298706 0.682007 0.008057 0.010010
0 0.466187 0.708862 0.010010 0.013916
0 0.675415 0.708374 0.004639 0.007568
3 0.238037 0.684814 0.005859 0.009277
0 0.365967 0.644653 0.020996 0.027588
0 0.599609 0.712769 0.007812 0.010498
1 0.297852 0.691406 0.008789 0.008789
0 0.112915 0.553711 0.056396 0.068848
0 0.266602 0.552979 0.105469 0.068359
0 0.364258 0.668335 0.020996 0.022217
3 0.394043 0.699341 0.006836 0.008545
4 0.384155 0.680420 0.012451 0.017090
0 0.113037 0.709717 0.012695 0.017090
0 0.329224 0.692383 0.005127 0.013184
