0 0.890259 0.668091 0.021240 0.040771
0 0.358643 0.576294 0.011230 0.005127
0 0.989502 0.673828 0.020508 0.036133
3 0.438477 0.597290 0.009766 0.013428
0 0.804321 0.557983 0.012939 0.024658
3 0.538330 0.566040 0.027344 0.038818
3 0.669067 0.602783 0.005127 0.006836
0 0.720703 0.617188 0.005859 0.008301
0 0.720825 0.608276 0.007080 0.007568
0 0.937622 0.614624 0.005127 0.009521
0 0.938843 0.640869 0.006104 0.009277
0 0.721069 0.625854 0.006104 0.008057
0 0.720703 0.600098 0.005371 0.008301
0 0.937500 0.630615 0.004883 0.008789
3 0.890747 0.661499 0.011963 0.017334
3 0.989258 0.667358 0.011719 0.017334
3 0.803833 0.554199 0.011475 0.016602
3 0.554443 0.636841 0.013184 0.017334
