4 0.536377 0.630981 0.011719 0.019287
3 0.545044 0.601807 0.012939 0.022949
3 0.544800 0.566040 0.013428 0.023193
3 0.238037 0.648804 0.008301 0.015869
0 0.556885 0.646118 0.005371 0.009033
2 0.954956 0.194458 0.072021 0.107666
0 0.622314 0.394531 0.039062 0.062988
0 0.403931 0.643066 0.012451 0.010742
0 0.925293 0.291260 0.148926 0.361328
3 0.585083 0.648926 0.003662 0.007812
0 0.566040 0.634033 0.009033 0.013672
0 0.572632 0.645386 0.002686 0.005615
0 0.595337 0.612183 0.009033 0.006592
0 0.556885 0.636108 0.004883 0.007568
3 0.515259 0.661377 0.003174 0.006348
