3 0.077881 0.544678 0.058594 0.073730
0 0.395752 0.601196 0.002930 0.012451
0 0.280151 0.611206 0.005127 0.019287
0 0.259155 0.614258 0.006592 0.019531
0 0.520874 0.530762 0.019775 0.011230
0 0.199707 0.640991 0.015137 0.061279
0 0.316772 0.619141 0.008057 0.032715
0 0.570923 0.641235 0.021240 0.081299
0 0.112793 0.653564 0.021484 0.080078
0 0.401367 0.601196 0.002441 0.011963
0 0.502319 0.618774 0.010010 0.044678
0 0.516968 0.558960 0.035400 0.045166
0 0.359497 0.609497 0.005127 0.021240
0 0.488281 0.609985 0.006836 0.029541
0 0.388184 0.603760 0.002930 0.015625
0 0.519531 0.626831 0.013672 0.057861
0 0.476074 0.605347 0.004395 0.020264
3 0.432007 0.513794 0.009033 0.012939
3 0.572998 0.527954 0.048828 0.067139
0 0.377075 0.605591 0.002686 0.017334
0 0.251831 0.617065 0.007080 0.022705
