2 0.234619 0.489624 0.008789 0.010986
2 0.249512 0.473267 0.031250 0.041748
2 0.114014 0.439331 0.011719 0.013916
0 0.233765 0.515747 0.007080 0.006592
0 0.111328 0.499390 0.011719 0.006592
0 0.234619 0.508057 0.009277 0.008789
0 0.234741 0.499390 0.009033 0.008057
0 0.251587 0.506714 0.030518 0.022705
1 0.252441 0.530518 0.030762 0.023926
0 0.112915 0.460205 0.011475 0.010742
0 0.113525 0.451050 0.011230 0.010986
0 0.112671 0.469971 0.010010 0.009766
1 0.112305 0.479248 0.011719 0.007324
2 0.111816 0.489502 0.012207 0.013184
