0 0.977295 0.665283 0.044922 0.049805
0 0.632812 0.526367 0.095703 0.050781
0 0.539185 0.702881 0.009521 0.007812
4 0.587891 0.701172 0.008301 0.010742
4 0.677612 0.660400 0.010010 0.013672
1 0.646240 0.670166 0.004395 0.006836
0 0.516846 0.703735 0.007812 0.007568
0 0.804810 0.662842 0.031006 0.017090
1 0.665161 0.669067 0.004150 0.006592
0 0.548340 0.702271 0.007812 0.007568
0 0.526978 0.703613 0.004639 0.008301
0 0.772461 0.659668 0.004883 0.006348
0 0.255737 0.523315 0.012939 0.030518
0 0.753296 0.662598 0.004639 0.006836
1 0.655518 0.670654 0.003906 0.006836
0 0.255737 0.518555 0.004639 0.010254
