0 0.510254 0.581177 0.005859 0.007080
1 0.571045 0.598755 0.006348 0.007080
0 0.508545 0.591187 0.004883 0.006104
0 0.508179 0.586426 0.004639 0.003418
0 0.559692 0.591919 0.008057 0.010010
0 0.560547 0.600220 0.006836 0.006592
0 0.570557 0.590210 0.008301 0.009521
0 0.822510 0.593994 0.008301 0.005859
0 0.830933 0.602905 0.008545 0.011475
0 0.831055 0.593994 0.008301 0.005859
0 0.822266 0.602905 0.007812 0.010986
0 0.570068 0.580566 0.008301 0.010254
1 0.920288 0.610962 0.003662 0.011963
0 0.775391 0.596069 0.003418 0.010986
