4 0.453003 0.461060 0.010010 0.013428
0 0.453613 0.446533 0.011230 0.015137
1 0.656372 0.459351 0.006592 0.011963
0 0.710449 0.429565 0.013672 0.018311
3 0.709351 0.448853 0.014404 0.018799
1 0.638062 0.459106 0.008057 0.012451
1 0.535156 0.450806 0.003906 0.007568
0 0.560547 0.452759 0.004395 0.007568
1 0.572388 0.452637 0.004639 0.007812
1 0.546997 0.451050 0.004150 0.008057
0 0.320190 0.457642 0.011475 0.006592
1 0.621582 0.457520 0.005859 0.011230
0 0.487793 0.447632 0.003418 0.005127
1 0.608276 0.456909 0.005615 0.009033
1 0.585938 0.455322 0.005371 0.008789
