0 0.470215 0.327271 0.027344 0.051025
2 0.244385 0.449829 0.036133 0.045166
2 0.206299 0.575806 0.010742 0.014404
2 0.437866 0.560547 0.010498 0.013184
3 0.974243 0.465088 0.015381 0.025391
3 0.439209 0.610840 0.010254 0.014648
2 0.623901 0.561523 0.010986 0.014648
3 0.754272 0.620972 0.007568 0.017334
2 0.979858 0.509521 0.016357 0.025391
0 0.764282 0.554810 0.014893 0.006104
0 0.517334 0.331177 0.046387 0.041260
0 0.751465 0.543579 0.005371 0.018799
1 0.976685 0.487427 0.017334 0.013916
0 0.278076 0.504517 0.008789 0.010986
