0 0.272827 0.495117 0.008545 0.011719
0 0.486328 0.435303 0.012207 0.017090
0 0.715454 0.405029 0.012939 0.017578
0 0.729858 0.400024 0.007080 0.007568
0 0.448730 0.462402 0.011230 0.005859
3 0.349121 0.472046 0.003418 0.014404
0 0.449463 0.455933 0.010254 0.006592
0 0.445679 0.443481 0.014893 0.008545
3 0.437744 0.469238 0.011230 0.015625
0 0.446655 0.450317 0.013428 0.004150
0 0.456787 0.485596 0.002441 0.004395
0 0.438721 0.481934 0.008301 0.008789
0 0.449463 0.472412 0.010742 0.005859
0 0.452271 0.466797 0.008057 0.003906
0 0.567017 0.460693 0.004639 0.006836
3 0.303833 0.454590 0.013428 0.019043
1 0.304321 0.469727 0.008545 0.010254
0 0.272705 0.482910 0.011719 0.015137
0 0.794556 0.421875 0.011475 0.020996
0 0.485718 0.448853 0.011475 0.010986
3 0.717529 0.433350 0.012207 0.017090
1 0.438721 0.490479 0.007812 0.008301
0 0.991455 0.367432 0.010742 0.014160
0 0.729980 0.404541 0.009766 0.020996
3 0.731079 0.425171 0.013428 0.018311
0 0.716553 0.419556 0.013184 0.009033
0 0.718750 0.448975 0.008789 0.012695
0 0.987183 0.340820 0.019287 0.032227
1 0.304321 0.479858 0.009521 0.010010
3 0.374023 0.461792 0.003418 0.014893
3 0.823364 0.405640 0.011475 0.016846
