0 0.390503 0.559326 0.008545 0.007812
0 0.359863 0.618652 0.008301 0.030273
0 0.136963 0.541260 0.029785 0.022461
0 0.826904 0.477295 0.030273 0.013672
0 0.918945 0.571411 0.042969 0.035889
0 0.851685 0.530640 0.009033 0.017822
3 0.585815 0.625488 0.012451 0.016602
0 0.386230 0.571899 0.005859 0.003662
0 0.279175 0.573364 0.005127 0.011963
0 0.850464 0.509521 0.012451 0.021484
0 0.946533 0.589355 0.033203 0.018066
0 0.304443 0.572876 0.005371 0.008057
0 0.869141 0.484009 0.044434 0.027100
0 0.831421 0.496094 0.027100 0.022949
0 0.552856 0.583130 0.004150 0.006104
0 0.304688 0.579346 0.003906 0.004395
