3 0.708130 0.524048 0.063232 0.071533
3 0.568115 0.561035 0.020020 0.025879
1 0.290161 0.573364 0.017822 0.022705
1 0.052734 0.561157 0.039062 0.048584
1 0.467896 0.576294 0.008545 0.012451
1 0.206055 0.568726 0.021973 0.030518
1 0.350464 0.574341 0.014404 0.019775
0 0.551392 0.575195 0.007080 0.009766
0 0.706665 0.572021 0.027588 0.021973
0 0.525269 0.575439 0.008057 0.011230
1 0.568237 0.578125 0.014893 0.007324
1 0.500000 0.575195 0.008301 0.012207
1 0.396606 0.574463 0.010986 0.016113
0 0.434448 0.575928 0.010010 0.014648
