4 0.925293 0.451172 0.014160 0.022461
1 0.890869 0.473022 0.010742 0.006592
0 0.802368 0.485962 0.003174 0.004639
0 0.676636 0.489136 0.002686 0.002686
0 0.742554 0.482910 0.004150 0.003906
0 0.869019 0.447876 0.014404 0.024658
0 0.802246 0.486572 0.004395 0.014648
3 0.890747 0.468140 0.010010 0.005127
0 0.676636 0.483887 0.004150 0.007812
1 0.846436 0.471558 0.006836 0.008545
0 0.435425 0.499023 0.039795 0.026855
0 0.495850 0.523926 0.010254 0.047363
1 0.831909 0.464600 0.022705 0.019531
0 0.956421 0.511353 0.020752 0.015381
3 0.672119 0.459229 0.005371 0.023926
0 0.723755 0.443848 0.004639 0.008789
4 0.742188 0.476807 0.004883 0.009277
3 0.846680 0.460571 0.009277 0.014404
3 0.495728 0.516602 0.006104 0.012207
4 0.831787 0.423096 0.037109 0.060547
0 0.723633 0.449707 0.004395 0.003418
1 0.925171 0.466553 0.009033 0.008301
