0 0.744629 0.603149 0.041016 0.065674
3 0.093384 0.657959 0.009521 0.020020
3 0.686768 0.513672 0.062500 0.101562
2 0.092041 0.699829 0.010742 0.021729
3 0.351074 0.625732 0.030762 0.050781
2 0.686768 0.607666 0.063965 0.102539
3 0.744995 0.542358 0.040771 0.067139
3 0.686646 0.714600 0.063721 0.104980
3 0.686890 0.411011 0.068604 0.102295
3 0.093262 0.679688 0.010742 0.020996
0 0.350952 0.687134 0.030518 0.073486
0 0.091797 0.716187 0.008789 0.010986
0 0.350220 0.747803 0.023682 0.040039
0 0.743896 0.669922 0.041016 0.067871
