3 0.759277 0.454590 0.042480 0.054688
2 0.565063 0.709717 0.012451 0.019531
3 0.067749 0.455811 0.039307 0.074707
3 0.387695 0.659302 0.036133 0.033447
3 0.677612 0.587891 0.020264 0.025391
3 0.697266 0.563599 0.029785 0.037842
0 0.663940 0.495483 0.013428 0.019287
0 0.066772 0.519531 0.038330 0.067383
1 0.566162 0.726196 0.018066 0.016846
0 0.764038 0.495972 0.031982 0.026123
0 0.387695 0.679565 0.024902 0.014893
0 0.701294 0.588989 0.029541 0.017334
0 0.674316 0.669067 0.019531 0.046143
0 0.687378 0.491699 0.067139 0.042969
