4 0.452393 0.552979 0.006348 0.011230
0 0.514526 0.553101 0.008545 0.015381
1 0.452271 0.563232 0.003662 0.003906
0 0.354858 0.586426 0.007568 0.004395
0 0.423950 0.562378 0.002686 0.005615
0 0.375854 0.561890 0.004150 0.008057
0 0.410156 0.560303 0.001953 0.003418
0 0.444580 0.562500 0.002930 0.006836
0 0.263428 0.551147 0.003906 0.008545
0 0.491943 0.558838 0.003906 0.008301
0 0.375366 0.573242 0.005127 0.007324
0 0.176758 0.530518 0.008789 0.003418
0 0.193237 0.566895 0.003174 0.017090
0 0.535767 0.557251 0.008057 0.006104
4 0.457275 0.564697 0.005859 0.008789
3 0.354858 0.576904 0.005615 0.010254
4 0.376709 0.558960 0.011719 0.020264
4 0.536011 0.538696 0.015869 0.028076
3 0.346802 0.579468 0.007080 0.012451
0 0.346069 0.590576 0.009033 0.006348
0 0.456787 0.572754 0.003418 0.003906
