0 0.971802 0.341309 0.035889 0.061523
3 0.967407 0.119873 0.031494 0.058105
2 0.853271 0.268066 0.034668 0.061035
4 0.482300 0.472412 0.006104 0.009277
3 0.969238 0.193115 0.031738 0.058105
3 0.970825 0.266724 0.032471 0.059326
2 0.855103 0.341919 0.031982 0.056396
0 0.472168 0.470703 0.004395 0.007812
1 0.482178 0.479126 0.007324 0.004639
0 0.853027 0.121094 0.064453 0.059082
0 0.906982 0.418213 0.182617 0.071777
2 0.855591 0.192627 0.063232 0.062988
0 0.472534 0.475952 0.003662 0.003662
0 0.531250 0.462402 0.012207 0.018555
