3 0.487671 0.504883 0.012939 0.017578
4 0.611206 0.486450 0.011475 0.029053
4 0.691406 0.440186 0.040527 0.054199
3 0.487793 0.492554 0.016602 0.008057
1 0.690796 0.480103 0.018311 0.023682
3 0.485352 0.536865 0.010742 0.016113
0 0.593018 0.495850 0.007324 0.004395
0 0.592896 0.485107 0.007080 0.015137
3 0.267212 0.484375 0.022217 0.029785
0 0.221436 0.463745 0.012695 0.023682
1 0.610962 0.506592 0.008057 0.011230
0 0.634644 0.511841 0.002197 0.008545
0 0.635254 0.495239 0.005371 0.023193
0 0.221313 0.479858 0.012451 0.007080
0 0.102661 0.536987 0.061768 0.059814
