4 0.235352 0.598877 0.007812 0.010742
0 0.354980 0.635620 0.001465 0.007080
0 0.350098 0.635498 0.001953 0.007812
0 0.343750 0.635986 0.001953 0.008301
0 0.311157 0.638062 0.002686 0.012939
0 0.248901 0.640503 0.005127 0.022217
0 0.326538 0.637451 0.002686 0.011719
0 0.289185 0.639038 0.003662 0.016357
1 0.381348 0.629883 0.006348 0.003906
0 0.172119 0.645142 0.010254 0.032471
0 0.593262 0.618164 0.013672 0.032227
0 0.406738 0.639160 0.011719 0.024902
0 0.745361 0.622559 0.006836 0.008789
0 0.745850 0.619385 0.013672 0.029297
0 0.307495 0.614502 0.008545 0.016602
0 0.410522 0.611084 0.009033 0.010254
0 0.426514 0.551147 0.008301 0.016846
1 0.362549 0.630005 0.005859 0.004639
0 0.443726 0.593140 0.055420 0.062256
3 0.591919 0.618286 0.005615 0.009521
3 0.411377 0.620361 0.006836 0.008789
3 0.235107 0.609863 0.007324 0.009277
0 0.359253 0.635864 0.001709 0.006104
0 0.336914 0.637085 0.002441 0.009521
