3 0.265625 0.613403 0.022461 0.037842
1 0.721802 0.688232 0.003662 0.007324
0 0.883179 0.695190 0.010986 0.012451
0 0.736816 0.687622 0.004883 0.009033
0 0.904663 0.684814 0.009033 0.018555
0 0.626709 0.676514 0.008301 0.013672
0 0.646729 0.656616 0.015137 0.026123
0 0.686646 0.677368 0.050049 0.030518
0 0.646362 0.679810 0.031982 0.018311
0 0.477661 0.670654 0.005615 0.010742
0 0.455200 0.661377 0.007080 0.015137
0 0.824585 0.686157 0.006592 0.012939
0 0.435059 0.668701 0.022461 0.016602
0 0.363525 0.653076 0.008301 0.019531
0 0.347412 0.659790 0.019043 0.016357
0 0.209229 0.598755 0.041504 0.115967
0 0.205078 0.670532 0.037109 0.031494
0 0.328247 0.653931 0.006592 0.011963
3 0.435059 0.651489 0.010742 0.018799
0 0.634521 0.660278 0.010742 0.020264
3 0.882690 0.682251 0.008057 0.011963
0 0.685547 0.642090 0.023926 0.041992
4 0.914307 0.697266 0.009277 0.015137
0 0.394409 0.661987 0.005615 0.012939
0 0.970703 0.683838 0.008301 0.022949
