4 0.568115 0.647705 0.006348 0.011719
4 0.626953 0.541504 0.053711 0.073242
3 0.510132 0.606201 0.016357 0.023438
1 0.524170 0.650757 0.008301 0.008545
0 0.534424 0.627808 0.013672 0.014893
0 0.510010 0.628052 0.017578 0.019775
1 0.525513 0.628906 0.010498 0.008301
0 0.534302 0.616943 0.010010 0.006348
0 0.274658 0.610229 0.018555 0.004639
0 0.578613 0.617188 0.007324 0.015625
0 0.524780 0.639404 0.012939 0.015137
0 0.511841 0.582520 0.014404 0.020996
3 0.582397 0.628906 0.007568 0.007812
0 0.585815 0.617798 0.007080 0.015869
0 0.288086 0.532593 0.015625 0.021240
1 0.535034 0.639771 0.009033 0.010010
