3 0.536377 0.484131 0.007812 0.013184
2 0.459717 0.489868 0.011719 0.008057
0 0.516724 0.477173 0.002197 0.009521
0 0.921997 0.553833 0.019287 0.038330
0 0.675659 0.514648 0.027588 0.009766
0 0.921631 0.492798 0.018555 0.081299
2 0.587891 0.489380 0.012695 0.009521
0 0.953491 0.349121 0.020752 0.033203
0 0.947632 0.232910 0.104248 0.363770
3 0.600342 0.477661 0.005859 0.010010
3 0.613281 0.462280 0.017578 0.028564
2 0.921387 0.485474 0.014648 0.052490
3 0.613647 0.395996 0.023682 0.041992
3 0.557007 0.453857 0.008057 0.012695
0 0.925903 0.350464 0.020752 0.032471
0 0.613037 0.432495 0.017578 0.028564
