0 0.678101 0.572510 0.071045 0.093750
0 0.548828 0.598022 0.013184 0.010010
0 0.639160 0.589355 0.019043 0.018555
3 0.431396 0.459595 0.022461 0.034424
3 0.639648 0.615723 0.020020 0.030762
0 0.551392 0.614746 0.005615 0.008789
3 0.932251 0.294922 0.115967 0.174805
0 0.581299 0.665527 0.005859 0.016113
0 0.575439 0.639282 0.002930 0.007568
0 0.568726 0.651855 0.005127 0.012207
0 0.578125 0.644897 0.003418 0.008545
0 0.578613 0.658691 0.004883 0.015137
0 0.583740 0.664673 0.004883 0.016357
0 0.571289 0.634277 0.002441 0.006348
0 0.578369 0.620361 0.002930 0.001953
0 0.573730 0.640137 0.002930 0.008789
0 0.578735 0.616577 0.003174 0.005127
