3 0.897339 0.542603 0.009521 0.012451
0 0.471924 0.536377 0.008789 0.003906
0 0.475098 0.544800 0.009766 0.004639
0 0.568115 0.516724 0.029785 0.012451
0 0.299561 0.547974 0.027344 0.011963
0 0.568237 0.502930 0.030029 0.012207
0 0.474487 0.545288 0.009033 0.004150
0 0.471924 0.540649 0.008301 0.004150
3 0.466064 0.552124 0.005859 0.007568
3 0.534668 0.541992 0.018555 0.025391
3 0.705688 0.491333 0.010010 0.012939
3 0.300537 0.525635 0.024902 0.031250
0 0.471924 0.540771 0.008789 0.003418
0 0.897217 0.554565 0.011719 0.009033
