3 0.154297 0.441162 0.010254 0.022461
3 0.219727 0.556885 0.015625 0.025391
3 0.235107 0.557007 0.016113 0.027100
4 0.185181 0.526611 0.047607 0.077148
0 0.226685 0.581055 0.015381 0.025391
0 0.177734 0.401978 0.030273 0.041748
0 0.231812 0.410156 0.031006 0.039551
0 0.175659 0.468384 0.030029 0.043213
0 0.219971 0.621216 0.012207 0.020752
2 0.229614 0.452026 0.029053 0.044678
0 0.229126 0.487793 0.023193 0.026855
0 0.233521 0.378662 0.026611 0.024414
0 0.177246 0.505371 0.034668 0.028320
0 0.226807 0.570068 0.035156 0.059570
0 0.180298 0.369385 0.028564 0.024902
0 0.223389 0.622192 0.015137 0.018311
0 0.182007 0.605835 0.050049 0.075439
0 0.600952 0.592163 0.012939 0.021240
0 0.602051 0.629517 0.020020 0.044678
1 0.067871 0.843384 0.064453 0.151123
