0 0.690308 0.645996 0.050537 0.082520
2 0.343262 0.667725 0.020996 0.027832
3 0.435059 0.699463 0.003906 0.005371
2 0.205933 0.666626 0.020752 0.026611
3 0.778442 0.395020 0.084229 0.118652
0 0.492432 0.640015 0.047363 0.081299
0 0.591553 0.672363 0.020508 0.030762
0 0.434692 0.708008 0.002197 0.012207
0 0.381348 0.382446 0.083008 0.120850
3 0.150024 0.377075 0.091553 0.122314
0 0.401123 0.356689 0.025391 0.029785
0 0.588379 0.386963 0.084473 0.117676
2 0.086914 0.665527 0.018555 0.026855
0 0.401489 0.388916 0.024658 0.029785
0 0.962158 0.397461 0.075195 0.117188
0 0.607910 0.394653 0.024414 0.029541
3 0.608154 0.363770 0.023438 0.030762
