3 0.509033 0.127930 0.033691 0.044434
3 0.609985 0.033447 0.054932 0.066895
1 0.609619 0.081055 0.040039 0.041016
0 0.493530 0.165283 0.018311 0.006348
0 0.482666 0.167236 0.018555 0.024414
0 0.672974 0.151123 0.004639 0.012207
0 0.520630 0.143677 0.029541 0.012451
3 0.112427 0.155518 0.010010 0.016113
0 0.706299 0.099487 0.016113 0.026123
0 0.114380 0.191772 0.007080 0.021240
0 0.356445 0.260498 0.005859 0.008301
0 0.363159 0.260132 0.005615 0.008057
0 0.116455 0.208496 0.008301 0.011230
0 0.150269 0.169678 0.005127 0.013672
0 0.114380 0.170654 0.005127 0.013184
