1 0.683960 0.628052 0.005127 0.003662
1 0.310181 0.660645 0.005127 0.004883
4 0.461548 0.638672 0.011475 0.015137
3 0.461670 0.651978 0.008301 0.010498
3 0.690552 0.645386 0.010010 0.012939
1 0.427490 0.664062 0.006348 0.005371
1 0.449341 0.664062 0.007080 0.005371
1 0.472778 0.663574 0.008545 0.005859
4 0.315552 0.641724 0.011963 0.014893
1 0.624756 0.633789 0.004883 0.004395
1 0.589722 0.637451 0.005615 0.003906
1 0.572998 0.639526 0.006836 0.004639
1 0.555054 0.641357 0.007080 0.005859
3 0.546265 0.629639 0.009033 0.012695
1 0.544434 0.643799 0.008789 0.004883
0 0.534424 0.644653 0.008789 0.006592
1 0.664185 0.629150 0.005127 0.003418
1 0.606079 0.637207 0.006104 0.004883
3 0.315186 0.654785 0.009277 0.012207
