3 0.603638 0.517700 0.010010 0.013428
0 0.393066 0.523193 0.007812 0.010742
0 0.436035 0.522095 0.007812 0.010986
3 0.520630 0.520752 0.009033 0.013672
0 0.192749 0.515259 0.009033 0.014404
0 0.450195 0.521606 0.008301 0.010498
0 0.535034 0.505249 0.011963 0.013916
3 0.520508 0.506104 0.009766 0.013672
0 0.205200 0.529419 0.010498 0.015869
0 0.204834 0.513550 0.009766 0.013916
0 0.219360 0.513428 0.010498 0.014648
0 0.192383 0.530518 0.008789 0.014648
0 0.165894 0.514648 0.010986 0.014648
4 0.178833 0.530396 0.010986 0.014404
3 0.167114 0.530273 0.009521 0.014648
0 0.407593 0.522583 0.007568 0.010498
0 0.219238 0.528320 0.009277 0.015137
0 0.422119 0.522827 0.007812 0.010986
0 0.435425 0.508301 0.007568 0.010742
0 0.473877 0.507446 0.008789 0.012939
3 0.588013 0.518555 0.010010 0.013184
3 0.619263 0.502319 0.009521 0.012939
0 0.603271 0.502930 0.009277 0.012695
0 0.588135 0.503540 0.010254 0.014404
0 0.619751 0.517700 0.009521 0.013428
3 0.557617 0.518921 0.010254 0.013428
3 0.572388 0.503540 0.010010 0.013428
2 0.392944 0.509521 0.007568 0.010742
0 0.572998 0.518799 0.009277 0.012695
2 0.407227 0.509277 0.008301 0.010742
0 0.421509 0.508667 0.008057 0.010986
3 0.557129 0.504639 0.010742 0.014648
0 0.449707 0.507935 0.008301 0.010986
3 0.177979 0.515015 0.009277 0.014893
