0 0.431396 0.597046 0.014648 0.019775
4 0.545776 0.598389 0.018311 0.025879
0 0.324707 0.596680 0.010254 0.013184
0 0.939331 0.529175 0.120850 0.130615
1 0.634033 0.614868 0.025391 0.040771
1 0.465210 0.603027 0.010986 0.017090
1 0.395264 0.602417 0.007324 0.011475
0 0.352539 0.596558 0.009277 0.012939
0 0.260620 0.597534 0.004150 0.006104
1 0.304077 0.599243 0.005615 0.008057
0 0.290039 0.595947 0.007324 0.009766
0 0.232422 0.582153 0.011230 0.016357
4 0.919312 0.544556 0.054932 0.071533
0 0.236572 0.576050 0.012695 0.018799
