3 0.338745 0.320190 0.011475 0.018311
0 0.877808 0.273315 0.032471 0.072021
0 0.539917 0.260498 0.002197 0.004395
0 0.924316 0.266479 0.006348 0.010010
0 0.536987 0.261475 0.001709 0.005371
0 0.924194 0.267700 0.012939 0.017334
0 0.608276 0.239380 0.002686 0.004639
0 0.928955 0.281738 0.011230 0.010742
0 0.611206 0.261963 0.002686 0.004395
0 0.533691 0.262939 0.001953 0.003906
0 0.326904 0.252686 0.004395 0.007812
0 0.611816 0.238037 0.002930 0.005371
0 0.547974 0.262085 0.038818 0.032471
0 0.543091 0.258789 0.002686 0.004395
0 0.484253 0.273315 0.010010 0.016357
0 0.487427 0.203247 0.098877 0.079346
0 0.342285 0.347778 0.004883 0.008057
0 0.597778 0.248901 0.042725 0.032959
0 0.597412 0.270874 0.045898 0.029541
0 0.340088 0.357056 0.004883 0.006592
0 0.336304 0.349121 0.004150 0.007324
0 0.277588 0.324951 0.026367 0.041504
0 0.318359 0.256104 0.024414 0.022949
0 0.484863 0.277954 0.018555 0.036377
0 0.345825 0.355469 0.004639 0.007324
1 0.279785 0.351807 0.022461 0.013184
0 0.347656 0.346313 0.004883 0.007568
0 0.280884 0.369263 0.010986 0.023193
3 0.281982 0.362915 0.005371 0.007568
3 0.136963 0.413452 0.004883 0.007080
0 0.132568 0.400269 0.020020 0.038818
