3 0.384277 0.439575 0.010742 0.014893
0 0.498169 0.475952 0.042725 0.036377
0 0.449341 0.471802 0.051514 0.042725
0 0.382324 0.460083 0.053711 0.030518
3 0.643921 0.400757 0.010010 0.020752
0 0.462036 0.449341 0.028564 0.011475
0 0.491089 0.468018 0.007568 0.010742
0 0.381958 0.479126 0.053467 0.014404
0 0.456909 0.462036 0.010010 0.011963
0 0.407471 0.524170 0.005859 0.006836
0 0.389282 0.523438 0.009033 0.007324
0 0.509277 0.456299 0.021973 0.009277
0 0.430786 0.459717 0.008545 0.010742
0 0.411499 0.524902 0.002197 0.004883
0 0.427979 0.530518 0.003418 0.003906
3 0.643677 0.414673 0.009521 0.007568
