2 0.512451 0.229858 0.030762 0.053467
0 0.956787 0.243652 0.033203 0.078613
0 0.734741 0.443481 0.042236 0.014893
0 0.957520 0.307251 0.010742 0.024658
0 0.746338 0.394775 0.007812 0.012207
3 0.736694 0.376831 0.044678 0.015869
2 0.745361 0.410889 0.006836 0.011230
2 0.745117 0.425781 0.006836 0.012207
0 0.735229 0.426758 0.044189 0.016113
0 0.736206 0.359741 0.044189 0.017334
0 0.736450 0.394409 0.046143 0.015381
0 0.735718 0.338623 0.010986 0.026855
0 0.229248 0.412354 0.009277 0.015137
0 0.228638 0.418457 0.012939 0.033203
2 0.383423 0.234253 0.029541 0.052002
0 0.735596 0.410645 0.045410 0.015137
0 0.959106 0.326294 0.021729 0.094482
