0 0.336670 0.458618 0.034668 0.059326
0 0.547852 0.474487 0.021484 0.027100
0 0.613647 0.426025 0.025146 0.071289
0 0.177979 0.477295 0.025391 0.052246
0 0.007690 0.421387 0.015381 0.059570
0 0.204224 0.300537 0.036865 0.079102
0 0.004028 0.352417 0.008057 0.065674
0 0.316040 0.279419 0.044189 0.081299
0 0.504639 0.495361 0.001953 0.013184
0 0.533325 0.515259 0.005615 0.029053
0 0.050903 0.338623 0.026123 0.068848
0 0.057617 0.411133 0.035156 0.062988
0 0.117676 0.320679 0.030762 0.073486
0 0.122681 0.399414 0.040283 0.067871
0 0.319336 0.358521 0.056641 0.077881
0 0.208130 0.375244 0.047607 0.073730
0 0.446289 0.263550 0.050781 0.095947
0 0.614014 0.516235 0.021484 0.023193
3 0.613892 0.413330 0.022705 0.041016
0 0.517456 0.499756 0.002686 0.017578
