4 0.122559 0.483643 0.010742 0.025879
0 0.821167 0.502808 0.001709 0.004639
0 0.719604 0.500854 0.006104 0.005615
0 0.036377 0.493652 0.001465 0.002930
0 0.074951 0.489014 0.001465 0.002930
0 0.273193 0.499268 0.000977 0.002441
0 0.585571 0.503906 0.003174 0.003906
0 0.890137 0.481934 0.006348 0.012207
0 0.600952 0.503418 0.002686 0.004883
0 0.067017 0.490112 0.006592 0.005615
1 0.664185 0.509766 0.007080 0.011719
0 0.761475 0.499023 0.003906 0.007324
3 0.664429 0.501709 0.004150 0.005371
1 0.122681 0.503540 0.008545 0.012451
0 0.901611 0.482056 0.035645 0.028076
3 0.821289 0.495972 0.001953 0.009033
1 0.761597 0.504761 0.003174 0.004150
0 0.600830 0.507446 0.002441 0.003174
