0 0.489136 0.635986 0.013428 0.019531
0 0.702637 0.602417 0.014160 0.009521
0 0.643188 0.639282 0.010010 0.010986
0 0.633057 0.639160 0.008789 0.012207
0 0.621460 0.641113 0.014893 0.019531
0 0.604248 0.638184 0.007324 0.007812
0 0.604614 0.646118 0.007568 0.008057
0 0.447632 0.600098 0.011963 0.008301
0 0.447266 0.613892 0.012207 0.015381
0 0.446655 0.629272 0.012451 0.011963
0 0.820190 0.655518 0.007568 0.004883
0 0.641846 0.629639 0.007324 0.006836
0 0.633057 0.629639 0.007812 0.006836
0 0.609863 0.641846 0.005371 0.004395
0 0.604004 0.632202 0.006348 0.004639
0 0.462646 0.645996 0.003906 0.002441
0 0.563599 0.628662 0.013428 0.011230
0 0.589722 0.647705 0.005615 0.006836
0 0.703369 0.617065 0.014648 0.018311
0 0.575806 0.649902 0.002197 0.001953
