0 0.390869 0.641357 0.028809 0.047363
0 0.739136 0.622681 0.043213 0.069092
0 0.831177 0.425171 0.009033 0.051514
0 0.342529 0.646851 0.007812 0.012451
0 0.321655 0.644531 0.012939 0.016113
3 0.261597 0.712402 0.030029 0.043945
3 0.806030 0.637085 0.015381 0.023193
0 0.792969 0.635376 0.014648 0.021729
3 0.721069 0.693481 0.011963 0.029053
3 0.737915 0.691162 0.021240 0.028809
3 0.831909 0.493896 0.084229 0.092285
3 0.838379 0.579102 0.061523 0.078125
0 0.398071 0.628052 0.003174 0.005615
0 0.398315 0.621948 0.003174 0.004150
0 0.398193 0.634766 0.002930 0.007812
