0 0.098267 0.661133 0.012939 0.004395
0 0.155396 0.596802 0.021729 0.013916
0 0.184448 0.598022 0.020264 0.012939
0 0.153320 0.619751 0.020996 0.026123
0 0.182739 0.620483 0.021729 0.027588
0 0.181763 0.645264 0.019287 0.017578
3 0.562988 0.668823 0.016113 0.022217
0 0.291870 0.683228 0.009521 0.009521
1 0.152710 0.645264 0.018799 0.016602
3 0.292236 0.671021 0.009277 0.013428
0 0.337036 0.690552 0.006104 0.009521
0 0.109985 0.656738 0.006104 0.005371
0 0.434326 0.670776 0.011230 0.004150
0 0.437866 0.665161 0.004639 0.003662
0 0.088257 0.665405 0.006592 0.003174
0 0.482056 0.669556 0.004150 0.008057
3 0.482422 0.680542 0.008789 0.012939
