3 0.196045 0.556030 0.021484 0.026123
0 0.362183 0.537842 0.020752 0.019531
0 0.097534 0.578125 0.004150 0.006836
3 0.261475 0.529541 0.018555 0.026855
0 0.304810 0.543945 0.003662 0.004395
0 0.361206 0.466187 0.036865 0.024170
0 0.323364 0.474121 0.037354 0.025879
0 0.361450 0.503906 0.036865 0.047852
0 0.322144 0.509399 0.036865 0.047607
0 0.307739 0.547852 0.018311 0.015137
4 0.937012 0.591187 0.009766 0.010010
3 0.132080 0.552734 0.012207 0.015137
1 0.632568 0.562256 0.015625 0.009766
0 0.132202 0.537354 0.010986 0.016113
4 0.632446 0.536255 0.030518 0.039307
0 0.763184 0.575562 0.009766 0.014404
0 0.877686 0.574585 0.012207 0.016846
3 0.196167 0.527344 0.022217 0.026855
0 0.321289 0.544067 0.021973 0.019775
0 0.307983 0.557739 0.018799 0.003662
