4 0.621216 0.680664 0.017334 0.023926
0 0.667603 0.699097 0.009521 0.012939
3 0.854980 0.670288 0.012207 0.016357
0 0.588989 0.691650 0.003662 0.011719
0 0.603394 0.685669 0.010010 0.013916
0 0.636230 0.695801 0.003906 0.005859
0 0.640381 0.698120 0.003418 0.010498
0 0.627319 0.686768 0.011475 0.010742
0 0.658325 0.699219 0.003174 0.006836
0 0.854370 0.655396 0.012451 0.010986
0 0.653442 0.692627 0.010498 0.003418
0 0.655151 0.693604 0.003174 0.011230
0 0.854980 0.680054 0.012207 0.038818
0 0.875610 0.706299 0.016357 0.006836
0 0.951050 0.703735 0.019775 0.017334
0 0.700928 0.690918 0.002441 0.008301
