4 0.863281 0.489990 0.079590 0.088867
3 0.365356 0.569946 0.010986 0.012451
3 0.597412 0.573364 0.011719 0.016357
3 0.962769 0.486206 0.073975 0.102295
3 0.666016 0.567627 0.023438 0.030273
0 0.466187 0.652466 0.010010 0.033936
0 0.666260 0.593140 0.024414 0.016357
0 0.667236 0.616089 0.025879 0.022217
0 0.573486 0.632324 0.003418 0.011719
0 0.421387 0.665283 0.012695 0.052734
0 0.364258 0.600098 0.016602 0.041504
0 0.606201 0.608643 0.022461 0.044922
0 0.374023 0.675171 0.017090 0.073486
0 0.495850 0.645020 0.006348 0.026855
0 0.549683 0.616089 0.004150 0.002686
0 0.549805 0.612061 0.003906 0.003906
0 0.593628 0.629761 0.002197 0.010010
0 0.523926 0.613159 0.003906 0.005615
0 0.550049 0.634521 0.002930 0.011719
1 0.862061 0.556152 0.054199 0.037598
