2 0.840820 0.289307 0.041016 0.054199
3 0.570068 0.422363 0.006348 0.009277
3 0.850830 0.329956 0.014648 0.019287
3 0.838989 0.330933 0.010498 0.014404
0 0.147949 0.442383 0.008301 0.010254
3 0.830200 0.332031 0.010498 0.012695
0 0.842407 0.359375 0.040771 0.025879
0 0.841797 0.330811 0.041016 0.027344
0 0.570557 0.438477 0.004395 0.008301
1 0.570435 0.430298 0.007080 0.006104
0 0.547485 0.438110 0.004150 0.006104
0 0.541992 0.438354 0.004883 0.005127
0 0.609741 0.429443 0.003662 0.016602
0 0.541748 0.439331 0.018555 0.014893
