3 0.196289 0.335815 0.025391 0.032959
2 0.098755 0.613037 0.008057 0.010254
0 0.566406 0.641479 0.014648 0.004639
0 0.566528 0.634033 0.013916 0.009766
0 0.758179 0.489258 0.079346 0.030273
3 0.326294 0.332275 0.026123 0.033203
3 0.466797 0.319092 0.024902 0.033691
0 0.214966 0.645752 0.005615 0.023926
0 0.754639 0.449707 0.080566 0.057129
0 0.573120 0.620483 0.010010 0.015381
3 0.216064 0.624023 0.007812 0.008789
3 0.104614 0.626465 0.010498 0.012695
2 0.167358 0.619995 0.007568 0.009521
2 0.087036 0.623047 0.011963 0.016113
2 0.872437 0.491089 0.022217 0.056885
0 0.074097 0.332764 0.026123 0.034180
0 0.296387 0.627197 0.005371 0.006836
