3 0.715942 0.550781 0.008057 0.010254
2 0.406494 0.573486 0.011230 0.015625
2 0.488037 0.577148 0.007324 0.009766
0 0.775635 0.494385 0.036621 0.012207
2 0.722534 0.558472 0.008545 0.010986
0 0.844360 0.558716 0.018799 0.007568
0 0.780029 0.528320 0.033203 0.010254
0 0.779419 0.520264 0.033447 0.008789
0 0.779175 0.511353 0.034424 0.010986
0 0.778809 0.502930 0.033691 0.011230
0 0.781860 0.540039 0.033936 0.014648
2 0.761230 0.535645 0.016113 0.018555
0 0.742188 0.546021 0.008789 0.004639
0 0.741333 0.541260 0.008545 0.005371
0 0.743042 0.554810 0.009521 0.005615
0 0.742676 0.559204 0.008789 0.004150
0 0.742798 0.549805 0.009521 0.004883
0 0.743286 0.564209 0.008545 0.005371
3 0.716187 0.560547 0.006592 0.011230
