3 0.511108 0.509033 0.008057 0.016113
4 0.560059 0.571411 0.005859 0.010010
1 0.711670 0.547607 0.009277 0.011719
3 0.477051 0.514404 0.004883 0.008789
0 0.549805 0.400391 0.041992 0.017578
0 0.959717 0.203491 0.064941 0.064209
0 0.651611 0.397461 0.014648 0.033203
0 0.545288 0.500610 0.007568 0.016357
3 0.484741 0.513672 0.008057 0.015625
0 0.711304 0.533569 0.010010 0.018311
3 0.853271 0.305298 0.020508 0.043701
0 0.329834 0.403442 0.014648 0.032471
0 0.592529 0.559448 0.005859 0.010498
0 0.592041 0.551636 0.005859 0.005127
0 0.516235 0.544189 0.010986 0.004395
