3 0.359009 0.619507 0.022217 0.071045
3 0.295044 0.441895 0.045166 0.064941
2 0.105103 0.324463 0.102783 0.134277
2 0.362549 0.463745 0.023926 0.073975
3 0.341675 0.334717 0.047119 0.064941
0 0.051880 0.586426 0.016357 0.018555
0 0.350464 0.749512 0.010010 0.025391
3 0.039062 0.548828 0.020508 0.024414
0 0.290161 0.616943 0.047607 0.069336
0 0.101807 0.402344 0.100586 0.052734
0 0.292236 0.529053 0.045410 0.066406
0 0.012573 0.474731 0.025146 0.145264
0 0.005859 0.615112 0.011719 0.137939
0 0.016968 0.305542 0.033936 0.166748
