3 0.344971 0.533569 0.008301 0.010986
0 0.346313 0.453857 0.038330 0.017578
0 0.199951 0.480957 0.037109 0.011719
0 0.199707 0.522339 0.008789 0.010986
0 0.725952 0.536865 0.012939 0.018066
0 0.384766 0.538086 0.005859 0.008301
0 0.346680 0.440186 0.038086 0.009766
0 0.726196 0.548462 0.012451 0.004639
0 0.200684 0.458984 0.037598 0.031738
2 0.333618 0.453247 0.009033 0.012451
0 0.590332 0.564453 0.015625 0.022461
0 0.346313 0.468506 0.038330 0.010742
0 0.345703 0.481201 0.038086 0.014160
0 0.201538 0.439331 0.007080 0.007080
