4 0.817261 0.525635 0.010498 0.012207
0 0.582031 0.550415 0.004395 0.005615
0 0.497681 0.548584 0.004639 0.008789
0 0.586670 0.551758 0.003906 0.005371
0 0.469727 0.537476 0.034180 0.013916
0 0.914673 0.521240 0.009033 0.016602
0 0.715088 0.530396 0.006348 0.010010
0 0.871582 0.549927 0.006836 0.010498
0 0.708252 0.539185 0.005859 0.006104
0 0.697510 0.541748 0.004395 0.006836
0 0.475830 0.537109 0.006836 0.006348
3 0.459961 0.550537 0.008301 0.011719
0 0.858398 0.524780 0.007812 0.010010
0 0.470215 0.549805 0.033203 0.014648
0 0.708252 0.543945 0.004883 0.003418
3 0.373901 0.478027 0.005615 0.029785
3 0.716797 0.539429 0.006836 0.008545
3 0.817749 0.535522 0.006592 0.009521
3 0.520142 0.508301 0.002686 0.019043
0 0.731812 0.537964 0.010498 0.017334
