0 0.383789 0.638306 0.003418 0.014404
0 0.368164 0.637939 0.004395 0.016602
0 0.378174 0.638550 0.003906 0.016846
0 0.360840 0.637451 0.003418 0.014648
0 0.354614 0.638550 0.004150 0.019287
0 0.337891 0.636963 0.002930 0.012207
0 0.371338 0.639160 0.003906 0.013184
0 0.334351 0.640137 0.003662 0.015137
0 0.325073 0.639893 0.004150 0.015625
0 0.331543 0.640381 0.003418 0.013184
0 0.327881 0.637939 0.002930 0.018555
0 0.307373 0.639038 0.004395 0.015381
0 0.310913 0.639771 0.006104 0.025635
0 0.290405 0.640259 0.002686 0.013428
0 0.302612 0.639893 0.003174 0.013672
0 0.270508 0.640381 0.005371 0.023438
0 0.297974 0.640869 0.004639 0.020508
0 0.251709 0.641235 0.005859 0.022705
0 0.277344 0.639526 0.009766 0.029541
0 0.201538 0.643311 0.013428 0.036621
0 0.158936 0.641724 0.007324 0.031982
0 0.106689 0.644653 0.013184 0.046631
0 0.070435 0.645020 0.008545 0.038574
0 0.240479 0.641846 0.008789 0.033203
