3 0.317383 0.779663 0.012695 0.021240
3 0.195068 0.821777 0.004883 0.018066
0 0.459351 0.772705 0.006592 0.015137
3 0.553101 0.792480 0.004150 0.009766
0 0.552979 0.766479 0.006348 0.016357
0 0.699341 0.734619 0.003662 0.007324
0 0.781128 0.702759 0.005127 0.022217
0 0.231934 0.798950 0.020508 0.097900
3 0.451782 0.799805 0.006104 0.010254
0 0.700562 0.742065 0.004150 0.007568
0 0.621582 0.783691 0.008301 0.004395
0 0.622070 0.788696 0.008301 0.004639
0 0.783081 0.718384 0.004150 0.008545
0 0.621460 0.779297 0.008545 0.004395
0 0.621216 0.774292 0.008545 0.004639
