3 0.881958 0.688354 0.017822 0.022705
0 0.796875 0.681885 0.002930 0.004395
0 0.461914 0.708008 0.002441 0.004395
0 0.599976 0.670410 0.006104 0.003418
1 0.684082 0.684448 0.005371 0.006592
0 0.796387 0.671265 0.003418 0.004639
0 0.452637 0.707764 0.004395 0.009277
0 0.384888 0.707764 0.004639 0.007812
1 0.671387 0.684448 0.005371 0.007568
0 0.599976 0.673706 0.005615 0.003662
0 0.647583 0.708862 0.018799 0.007080
0 0.730957 0.681641 0.003906 0.006348
1 0.698608 0.685425 0.005615 0.006592
1 0.715820 0.686157 0.004883 0.006592
3 0.552246 0.702393 0.005859 0.008301
0 0.412231 0.686646 0.006592 0.008545
3 0.615112 0.704712 0.005615 0.008057
0 0.785889 0.682983 0.034180 0.051025
1 0.660767 0.683716 0.005127 0.007568
0 0.545776 0.685059 0.010986 0.007812
