2 0.478882 0.363770 0.007568 0.010742
0 0.478882 0.351440 0.007080 0.013428
0 0.375122 0.189941 0.059814 0.055664
0 0.378906 0.106934 0.067383 0.107422
1 0.484253 0.381714 0.006104 0.005615
0 0.453125 0.355957 0.012207 0.025391
2 0.484131 0.373779 0.007812 0.010254
0 0.445679 0.171265 0.058838 0.106201
0 0.443359 0.367065 0.007324 0.013428
0 0.374512 0.244019 0.059082 0.058838
0 0.442627 0.249146 0.057617 0.054443
0 0.172852 0.364014 0.012207 0.020508
0 0.443848 0.350708 0.008301 0.017822
0 0.448242 0.089844 0.059570 0.058105
