3 0.470703 0.640503 0.013672 0.017822
0 0.352539 0.700439 0.001953 0.002930
0 0.349976 0.699707 0.002686 0.004883
0 0.338257 0.699219 0.002686 0.003418
0 0.185425 0.677979 0.006104 0.002930
0 0.173218 0.676147 0.016357 0.006592
3 0.182129 0.685181 0.009766 0.006592
0 0.412476 0.701782 0.002686 0.004639
0 0.435791 0.695312 0.003906 0.005371
0 0.498779 0.654541 0.020508 0.015137
0 0.266968 0.689331 0.007568 0.010010
0 0.180054 0.693481 0.020752 0.008057
0 0.505249 0.588501 0.028076 0.027100
1 0.498657 0.638428 0.020752 0.014648
3 0.497803 0.617432 0.021484 0.025879
2 0.259888 0.694336 0.005615 0.007324
3 0.448853 0.682617 0.010010 0.014160
2 0.255127 0.687012 0.005859 0.007324
0 0.260132 0.699707 0.005127 0.003418
0 0.255127 0.692749 0.005371 0.004150
