0 0.615845 0.561646 0.054443 0.037354
1 0.010864 0.566772 0.013428 0.018311
0 0.923950 0.608765 0.031982 0.050049
1 0.032349 0.567261 0.010986 0.015381
0 0.033203 0.547485 0.014648 0.023193
0 0.010376 0.546143 0.015869 0.026855
0 0.580444 0.602661 0.005615 0.012451
0 0.632812 0.589600 0.019531 0.020020
0 0.595459 0.603638 0.012695 0.013916
0 0.023193 0.519897 0.041504 0.033447
0 0.923950 0.651367 0.023682 0.033691
1 0.632080 0.606323 0.012695 0.012451
0 0.956177 0.540405 0.086670 0.091064
4 0.410278 0.568604 0.010010 0.013184
0 0.172852 0.565063 0.043457 0.014893
0 0.596558 0.586670 0.017822 0.021484
1 0.990845 0.658691 0.017822 0.038574
0 0.987061 0.612427 0.025391 0.058350
