4 0.439575 0.496216 0.008057 0.009033
3 0.439209 0.505493 0.006348 0.008545
3 0.320312 0.489624 0.005859 0.008057
3 0.450073 0.518066 0.008057 0.010742
0 0.438965 0.485718 0.006836 0.008057
4 0.320190 0.480713 0.006592 0.007324
0 0.751221 0.415039 0.007812 0.010254
0 0.751221 0.425415 0.007324 0.005127
0 0.556641 0.474609 0.024414 0.006348
0 0.555786 0.462524 0.025146 0.017334
0 0.575684 0.494751 0.004395 0.007080
0 0.547241 0.502319 0.003662 0.004639
0 0.575439 0.486816 0.004883 0.005371
0 0.320068 0.471558 0.006836 0.009033
0 0.547119 0.496948 0.003418 0.004150
3 0.450684 0.491211 0.007324 0.008789
0 0.451050 0.503662 0.005615 0.016602
0 0.540771 0.487915 0.002930 0.003662
0 0.336060 0.509033 0.003174 0.018066
0 0.320679 0.497559 0.007080 0.003906
0 0.439087 0.512451 0.007080 0.004883
