3 0.121338 0.684570 0.020508 0.027832
3 0.592407 0.683960 0.008545 0.014404
0 0.685791 0.597046 0.021973 0.011475
0 0.719360 0.595459 0.021240 0.012695
4 0.326294 0.677734 0.025635 0.033691
3 0.463501 0.703491 0.005615 0.007080
0 0.370117 0.695679 0.013672 0.017822
0 0.122559 0.639648 0.024414 0.026855
0 0.721558 0.619507 0.029053 0.027100
0 0.275146 0.725952 0.007812 0.010010
0 0.687256 0.619507 0.029297 0.028076
0 0.122192 0.661621 0.017334 0.016602
0 0.123169 0.618652 0.019775 0.013184
0 0.723267 0.644165 0.019775 0.017822
0 0.688965 0.645020 0.019531 0.017090
0 0.445923 0.692261 0.012451 0.009033
0 0.347656 0.722412 0.007812 0.009766
