2 0.512939 0.549805 0.015137 0.030273
2 0.737671 0.507690 0.026611 0.046143
2 0.765747 0.500366 0.030029 0.045654
2 0.161011 0.619141 0.008545 0.010742
2 0.275513 0.607910 0.012939 0.016602
0 0.116699 0.637329 0.006348 0.008057
2 0.196167 0.614746 0.010498 0.013184
0 0.195679 0.624023 0.006592 0.005371
1 0.740112 0.534546 0.014404 0.013428
0 0.741943 0.547119 0.014648 0.018066
1 0.766602 0.527954 0.016602 0.013428
0 0.767700 0.541382 0.015869 0.017822
0 0.274658 0.624634 0.008301 0.007080
0 0.275391 0.619019 0.005859 0.005127
0 0.513062 0.577759 0.009033 0.011475
1 0.513428 0.568604 0.008789 0.008301
0 0.195068 0.628906 0.006348 0.003418
0 0.131958 0.634155 0.006104 0.006104
0 0.161011 0.626221 0.003662 0.003418
