0 0.484375 0.698730 0.008301 0.012207
3 0.401489 0.674316 0.011963 0.023438
0 0.492432 0.725830 0.002441 0.004883
0 0.473877 0.719604 0.003906 0.004150
0 0.529907 0.721436 0.002197 0.003906
0 0.529907 0.726685 0.002197 0.003174
0 0.509521 0.708374 0.002441 0.008057
0 0.523193 0.724365 0.002441 0.002441
0 0.521362 0.718750 0.003662 0.004395
3 0.526123 0.713257 0.003906 0.005615
0 0.608887 0.723022 0.002930 0.010010
4 0.641235 0.712158 0.010498 0.011719
0 0.641602 0.721558 0.004395 0.006104
3 0.758911 0.700806 0.008057 0.010986
