0 0.291748 0.556519 0.121094 0.073975
0 0.892944 0.605225 0.156494 0.110840
3 0.393677 0.713013 0.007568 0.011475
0 0.292236 0.680908 0.015625 0.016113
0 0.321533 0.704590 0.013184 0.011230
0 0.344360 0.705078 0.017334 0.019043
0 0.330811 0.703613 0.005859 0.006836
0 0.435547 0.708252 0.011230 0.014648
0 0.450317 0.711792 0.007568 0.010010
0 0.303101 0.709473 0.004639 0.006836
0 0.383179 0.569702 0.072510 0.067139
0 0.674805 0.757324 0.013672 0.018555
0 0.497192 0.731567 0.006592 0.007568
0 0.422607 0.698364 0.004883 0.007080
