3 0.790039 0.699097 0.014160 0.017822
0 0.183472 0.708252 0.008057 0.010742
3 0.700195 0.705322 0.011230 0.013672
4 0.184326 0.698364 0.008789 0.010498
0 0.546387 0.537109 0.125488 0.051758
4 0.925781 0.619263 0.011719 0.014404
0 0.302124 0.567871 0.058350 0.032715
0 0.224365 0.553955 0.064941 0.047852
0 0.013306 0.663696 0.026611 0.009033
3 0.612427 0.712280 0.005615 0.007080
0 0.531738 0.534790 0.022949 0.016357
0 0.502808 0.536011 0.023193 0.015381
0 0.706299 0.524902 0.028320 0.017578
0 0.277832 0.567261 0.004395 0.006592
0 0.641113 0.529175 0.064453 0.044678
0 0.450562 0.670410 0.007080 0.010254
2 0.277832 0.574097 0.003418 0.005615
0 0.706909 0.526611 0.066162 0.044922
1 0.560547 0.533081 0.023438 0.017334
0 0.589478 0.531250 0.023682 0.015625
0 0.701050 0.715454 0.013428 0.004639
0 0.789062 0.690918 0.026367 0.041992
1 0.641357 0.524292 0.038574 0.022217
0 0.011719 0.691772 0.023438 0.006104
0 0.011353 0.698975 0.022705 0.005859
0 0.012573 0.673340 0.025146 0.009277
0 0.011963 0.683472 0.023926 0.009521
