1 0.334839 0.473022 0.020752 0.017822
0 0.179077 0.449097 0.006592 0.030029
0 0.370239 0.467896 0.010986 0.021729
0 0.725098 0.454102 0.008301 0.026855
0 0.733276 0.453613 0.008545 0.027344
0 0.254639 0.478027 0.015625 0.021484
0 0.468872 0.501221 0.002197 0.006836
0 0.479980 0.496948 0.003418 0.008545
0 0.130127 0.457764 0.025391 0.040039
0 0.301880 0.488037 0.011963 0.015137
0 0.502563 0.482544 0.016846 0.012451
0 0.370728 0.487305 0.010986 0.014648
0 0.502930 0.492554 0.016113 0.008545
3 0.503418 0.464722 0.010254 0.014893
3 0.370361 0.463013 0.006836 0.009033
4 0.335327 0.441406 0.028564 0.035645
0 0.171631 0.447388 0.006836 0.030518
0 0.503296 0.474487 0.010010 0.004150
