3 0.511108 0.407959 0.012451 0.022949
0 0.130371 0.390747 0.016602 0.023682
3 0.945679 0.425171 0.012939 0.019775
4 0.816895 0.389282 0.005371 0.014893
0 0.540283 0.331665 0.039551 0.031006
0 0.439453 0.400391 0.070801 0.072754
0 0.427490 0.393555 0.014160 0.022461
0 0.528809 0.412231 0.016113 0.021240
0 0.542603 0.373779 0.043701 0.048828
0 0.429443 0.443970 0.038086 0.018799
0 0.557861 0.433228 0.037109 0.021729
1 0.943848 0.432495 0.058105 0.016846
0 0.663208 0.421509 0.009521 0.011963
0 0.817139 0.400879 0.005859 0.010254
