0 0.492676 0.587158 0.006836 0.019531
0 0.530884 0.570801 0.007568 0.017578
3 0.497314 0.603760 0.006348 0.011719
0 0.297241 0.589722 0.006104 0.004150
0 0.360962 0.581177 0.006104 0.013428
3 0.493042 0.582031 0.005127 0.008789
3 0.419556 0.582275 0.015869 0.021973
0 0.440552 0.593140 0.015869 0.034424
1 0.439453 0.613647 0.014648 0.010010
0 0.492310 0.594360 0.005127 0.005127
0 0.365723 0.582275 0.009277 0.010254
0 0.306152 0.560791 0.006836 0.013672
0 0.361084 0.589478 0.005859 0.005127
0 0.181152 0.579956 0.003906 0.008545
0 0.296753 0.580566 0.005615 0.014648
0 0.530884 0.567749 0.004639 0.009521
0 0.308716 0.570312 0.004150 0.009277
0 0.419434 0.581177 0.017578 0.051514
0 0.344482 0.566040 0.004395 0.008545
0 0.440674 0.596191 0.017090 0.044922
0 0.492920 0.589478 0.005859 0.006592
