3 0.663086 0.570068 0.011230 0.019531
0 0.814209 0.522583 0.023438 0.041260
0 0.300171 0.555542 0.031982 0.024170
3 0.670898 0.953735 0.010742 0.013916
3 0.767700 0.524658 0.022705 0.039062
0 0.588013 0.552124 0.008545 0.012451
0 0.150757 0.539307 0.040283 0.026367
0 0.790771 0.523926 0.022949 0.039551
0 0.662842 0.574463 0.018066 0.039062
0 0.662109 0.543945 0.018555 0.025879
0 0.197510 0.535522 0.028809 0.048584
0 0.641846 0.567261 0.004883 0.009033
0 0.791382 0.521729 0.077881 0.069336
0 0.651733 0.567261 0.004639 0.009033
0 0.646973 0.567505 0.005371 0.009521
0 0.647705 0.566895 0.017578 0.014648
