3 0.270996 0.571045 0.014648 0.029297
4 0.233643 0.588745 0.014648 0.023193
2 0.234009 0.567139 0.011963 0.020996
0 0.312988 0.507935 0.048340 0.011475
0 0.312744 0.526733 0.048340 0.011963
0 0.338745 0.563232 0.041260 0.015137
0 0.354248 0.602295 0.027344 0.009277
3 0.639526 0.613525 0.010010 0.017578
0 0.639282 0.587891 0.010010 0.018555
0 0.312378 0.543701 0.048096 0.010742
0 0.335327 0.584961 0.028564 0.018555
0 0.270508 0.590210 0.009766 0.010010
0 0.651001 0.600098 0.013916 0.024902
0 0.629639 0.601685 0.011719 0.024170
