3 0.364380 0.593018 0.007568 0.010742
3 0.195068 0.524658 0.041016 0.022461
0 0.479980 0.608398 0.006348 0.009277
3 0.581665 0.621460 0.009033 0.013916
0 0.200073 0.468628 0.070557 0.093506
0 0.557983 0.566162 0.024658 0.011230
0 0.563110 0.634521 0.006104 0.006348
0 0.564087 0.617676 0.011475 0.012207
0 0.563843 0.607788 0.008545 0.006592
1 0.563354 0.627441 0.007568 0.006836
0 0.501221 0.593384 0.016602 0.023682
0 0.587891 0.635010 0.003418 0.004883
0 0.252808 0.577148 0.009033 0.008301
0 0.036499 0.586304 0.006592 0.011475
