3 0.128906 0.356812 0.049805 0.109619
0 0.578735 0.557861 0.010010 0.019531
0 0.556519 0.556030 0.010010 0.021240
0 0.583008 0.535889 0.013184 0.028320
0 0.567871 0.557129 0.009766 0.019043
0 0.580078 0.435669 0.041504 0.088623
0 0.568726 0.535767 0.012939 0.028564
2 0.521362 0.400757 0.006104 0.010498
0 0.520996 0.446411 0.005859 0.010498
0 0.566528 0.400024 0.006104 0.010986
3 0.298706 0.567627 0.006104 0.010742
0 0.554199 0.535522 0.013184 0.026611
3 0.641724 0.550659 0.008057 0.014404
3 0.476562 0.530762 0.012207 0.022461
0 0.535156 0.436279 0.041504 0.089355
3 0.613159 0.550171 0.006592 0.013428
0 0.312866 0.561157 0.002197 0.011475
3 0.516479 0.561401 0.005615 0.011475
