3 0.811768 0.706909 0.017090 0.032959
0 0.404785 0.789551 0.003418 0.005859
0 0.455933 0.788574 0.002686 0.004883
3 0.593140 0.707886 0.012451 0.023682
0 0.418579 0.808472 0.002197 0.015869
3 0.993286 0.669312 0.012451 0.027100
0 0.463867 0.794067 0.004883 0.007568
0 0.413574 0.808716 0.002441 0.020752
0 0.338501 0.835815 0.019287 0.077881
0 0.410522 0.811035 0.004150 0.022461
0 0.404907 0.781982 0.004150 0.006348
0 0.401001 0.813721 0.006104 0.027832
0 0.455811 0.781860 0.002441 0.005127
0 0.465454 0.775391 0.009521 0.027832
0 0.384766 0.820312 0.010254 0.042480
0 0.456055 0.793701 0.003418 0.004395
