0 0.180298 0.533691 0.020752 0.020996
0 0.078857 0.507080 0.016602 0.027832
0 0.424194 0.500244 0.007080 0.013672
0 0.206909 0.532715 0.024170 0.027344
0 0.085571 0.449341 0.053955 0.053955
0 0.246582 0.557617 0.039551 0.059082
0 0.131226 0.518555 0.026123 0.049316
0 0.158081 0.447998 0.022217 0.019043
0 0.160156 0.432617 0.015625 0.017578
0 0.458130 0.579102 0.041260 0.053223
0 0.152710 0.447510 0.008057 0.013672
0 0.119751 0.444946 0.011963 0.023193
0 0.163208 0.449097 0.008057 0.013916
3 0.424194 0.497559 0.004150 0.006836
0 0.155029 0.522095 0.009766 0.010986
0 0.097046 0.511353 0.012451 0.023682
0 0.154663 0.525146 0.025146 0.026855
0 0.424927 0.516479 0.006592 0.014893
