2 0.607666 0.469971 0.022461 0.039062
0 0.321411 0.574707 0.010010 0.017578
0 0.172485 0.599365 0.004150 0.023926
0 0.364624 0.527466 0.006104 0.021729
0 0.510498 0.545044 0.004883 0.017822
3 0.365112 0.504883 0.011963 0.020996
1 0.510498 0.530518 0.011230 0.009766
1 0.364258 0.544556 0.012695 0.010010
0 0.167236 0.619507 0.007812 0.014404
2 0.652832 0.520752 0.004395 0.017090
3 0.633667 0.500122 0.007080 0.029541
3 0.636597 0.566040 0.008545 0.026123
2 0.359497 0.487427 0.020264 0.035400
0 0.173340 0.580200 0.006836 0.011963
3 0.510132 0.514282 0.011963 0.021729
2 0.635132 0.533203 0.010986 0.036621
2 0.604858 0.519653 0.007568 0.025635
