0 0.384521 0.636963 0.005371 0.008301
0 0.522217 0.648560 0.001953 0.003662
0 0.396118 0.636475 0.003174 0.001465
0 0.793579 0.646729 0.005615 0.011719
0 0.381958 0.642334 0.003662 0.004395
0 0.390747 0.645996 0.002686 0.003418
3 0.206665 0.622437 0.010986 0.009033
0 0.395996 0.639282 0.002930 0.004150
1 0.388916 0.610352 0.012207 0.011230
0 0.398315 0.616577 0.005615 0.006592
3 0.066040 0.596680 0.006592 0.023438
0 0.370972 0.643433 0.008545 0.008057
0 0.067505 0.579102 0.007080 0.009766
0 0.389038 0.594604 0.013916 0.018311
0 0.522461 0.643433 0.004883 0.006104
1 0.389038 0.579590 0.013916 0.010254
3 0.793457 0.630859 0.013184 0.018066
3 0.371216 0.633667 0.008545 0.011475
3 0.203369 0.544678 0.043945 0.053223
0 0.564697 0.643188 0.004883 0.008057
0 0.375488 0.638916 0.005859 0.006348
0 0.395996 0.642334 0.002930 0.001953
