3 0.020752 0.565918 0.014160 0.028320
0 0.541992 0.535278 0.027344 0.013916
0 0.678955 0.588013 0.018066 0.015381
0 0.677856 0.572021 0.015869 0.015137
0 0.684814 0.556274 0.006836 0.011963
0 0.693237 0.573608 0.016846 0.021729
0 0.541748 0.546875 0.027832 0.010254
0 0.541382 0.556396 0.028076 0.010742
2 0.542358 0.556274 0.003662 0.007080
0 0.156372 0.490601 0.014893 0.028076
0 0.123291 0.514160 0.078613 0.026855
0 0.684204 0.541260 0.007080 0.014648
2 0.125000 0.513306 0.008301 0.011963
0 0.449341 0.566284 0.017822 0.006592
0 0.679688 0.605225 0.018066 0.016602
0 0.536377 0.519165 0.008789 0.016846
2 0.684326 0.521606 0.005859 0.026611
0 0.675415 0.549561 0.005127 0.026367
