3 0.439209 0.520264 0.012695 0.018555
3 0.745117 0.594849 0.009766 0.026611
3 0.362061 0.523804 0.012695 0.021240
3 0.764404 0.620728 0.011230 0.018311
3 0.425903 0.631958 0.016357 0.008545
3 0.615234 0.468750 0.009277 0.034180
0 0.767944 0.318848 0.043213 0.060547
0 0.191284 0.586304 0.015869 0.013916
0 0.663940 0.452026 0.009521 0.024658
0 0.319702 0.514404 0.030518 0.007324
0 0.191406 0.570068 0.014160 0.008789
1 0.190674 0.600952 0.013672 0.014893
0 0.662842 0.427734 0.009766 0.033203
0 0.087402 0.508179 0.013672 0.036377
0 0.191284 0.576782 0.016357 0.005127
