2 0.281738 0.673340 0.010742 0.018066
0 0.321533 0.680420 0.032715 0.049316
0 0.371826 0.684082 0.067871 0.049805
0 0.244995 0.675293 0.110107 0.058105
0 0.371826 0.710693 0.008301 0.008301
2 0.298584 0.767944 0.004883 0.010010
0 0.305908 0.776367 0.002441 0.007324
0 0.280273 0.770874 0.003418 0.006592
0 0.258789 0.768921 0.004395 0.006592
0 0.258545 0.774292 0.003418 0.002686
0 0.209961 0.776001 0.001953 0.004639
0 0.176514 0.779785 0.002930 0.003906
0 0.139404 0.773804 0.013672 0.004639
0 0.343628 0.768433 0.003174 0.006104
