3 0.710571 0.510864 0.010498 0.014893
2 0.671265 0.507446 0.006104 0.008545
0 0.604858 0.552734 0.001709 0.012207
0 0.606934 0.553101 0.002930 0.013428
3 0.713013 0.530640 0.010986 0.006592
0 0.543335 0.536621 0.002197 0.003418
0 0.778931 0.536621 0.004150 0.013184
0 0.602295 0.552368 0.002441 0.012451
0 0.544922 0.531860 0.002930 0.006104
0 0.847046 0.532104 0.005127 0.016846
2 0.659424 0.513306 0.006348 0.007568
0 0.866089 0.484009 0.008545 0.019287
0 0.566162 0.536865 0.001953 0.003418
0 0.052612 0.474976 0.020752 0.053467
0 0.554199 0.534668 0.001953 0.004883
0 0.531860 0.530396 0.003662 0.007080
3 0.596924 0.546021 0.003418 0.004150
0 0.660156 0.526001 0.004395 0.006592
0 0.712036 0.522583 0.011475 0.008057
0 0.671753 0.521240 0.005127 0.008301
0 0.659912 0.520020 0.005859 0.004395
3 0.433594 0.515747 0.019531 0.010498
0 0.866821 0.497437 0.007568 0.006104
0 0.671387 0.514282 0.005859 0.005127
0 0.866211 0.479614 0.004883 0.005615
