2 0.549316 0.539795 0.011230 0.014648
2 0.531250 0.569946 0.007324 0.010010
0 0.300293 0.371094 0.020508 0.019531
2 0.292847 0.577637 0.008545 0.011230
2 0.355103 0.351562 0.011475 0.014648
0 0.513428 0.341797 0.091797 0.039551
3 0.842896 0.418457 0.052979 0.069336
2 0.116577 0.535278 0.011963 0.015381
0 0.336548 0.351074 0.052490 0.018555
3 0.787476 0.502930 0.006104 0.030273
2 0.257446 0.551514 0.012451 0.015625
2 0.328735 0.562744 0.005127 0.006348
0 0.789062 0.553711 0.005859 0.012207
0 0.788818 0.539673 0.006836 0.012939
0 0.531250 0.584351 0.005859 0.018799
0 0.635376 0.513672 0.021240 0.011719
0 0.328857 0.569702 0.005371 0.008545
0 0.788330 0.525146 0.006836 0.012695
0 0.116943 0.552002 0.012695 0.017090
0 0.634399 0.493042 0.021729 0.028564
2 0.634644 0.488281 0.010498 0.015137
0 0.542847 0.585205 0.004639 0.018066
