3 0.571777 0.700562 0.008301 0.012451
4 0.212402 0.627686 0.042480 0.049316
4 0.657959 0.685181 0.007812 0.008545
4 0.680298 0.689087 0.009521 0.010498
0 0.533081 0.683960 0.003662 0.006592
0 0.434692 0.666748 0.014404 0.008789
0 0.452515 0.665161 0.013916 0.012939
0 0.453369 0.661499 0.002441 0.003662
0 0.453369 0.665527 0.002441 0.003418
0 0.438477 0.676392 0.002930 0.004639
0 0.470581 0.687622 0.002197 0.004639
0 0.446777 0.683594 0.003906 0.007324
0 0.480835 0.683350 0.004639 0.004883
0 0.480591 0.687866 0.006104 0.004150
