3 0.300049 0.509644 0.011719 0.021240
3 0.581665 0.522949 0.023682 0.046387
3 0.438477 0.511230 0.011719 0.020508
3 0.722412 0.625244 0.025879 0.119629
0 0.606201 0.475952 0.059570 0.035400
0 0.118530 0.449219 0.013916 0.024902
0 0.438354 0.525391 0.012451 0.006836
0 0.595703 0.503784 0.019043 0.021729
0 0.121948 0.380005 0.011475 0.053467
0 0.300049 0.524902 0.013672 0.007324
0 0.415649 0.539185 0.014404 0.006592
0 0.422485 0.525391 0.017822 0.008301
2 0.582275 0.478027 0.007812 0.015137
0 0.415527 0.530518 0.014160 0.008789
0 0.422607 0.533936 0.018555 0.008301
