1 0.701904 0.535522 0.009766 0.013916
4 0.528198 0.513428 0.015869 0.020508
4 0.741699 0.504150 0.020996 0.025391
1 0.671143 0.541870 0.005859 0.010010
3 0.478638 0.493896 0.016357 0.020508
3 0.788696 0.501831 0.020752 0.026611
1 0.643311 0.544067 0.005371 0.008057
0 0.165771 0.491943 0.120117 0.058594
0 0.166992 0.405151 0.082520 0.116455
0 0.527832 0.530396 0.010254 0.013916
3 0.479126 0.490845 0.019775 0.024170
1 0.593506 0.547241 0.004395 0.006592
1 0.681152 0.541016 0.011230 0.009277
0 0.919189 0.482300 0.060547 0.048096
1 0.740967 0.524780 0.013184 0.016357
