3 0.994873 0.354736 0.009766 0.015137
0 0.113037 0.404785 0.012207 0.004883
0 0.623779 0.383545 0.023438 0.008789
0 0.435181 0.410034 0.006592 0.009033
0 0.624023 0.392944 0.008789 0.006104
0 0.090942 0.385132 0.022217 0.005615
0 0.226562 0.413940 0.005859 0.009033
3 0.225952 0.401733 0.006104 0.014404
0 0.117432 0.391846 0.022949 0.018555
3 0.945068 0.333740 0.027344 0.037109
3 0.441528 0.388916 0.009033 0.012207
3 0.921875 0.332886 0.030273 0.037354
3 0.225708 0.387329 0.005615 0.014404
3 0.383545 0.355225 0.023926 0.039062
3 0.994873 0.367310 0.009277 0.012939
3 0.922241 0.291748 0.030029 0.040039
0 0.930542 0.373779 0.006104 0.007324
0 0.095947 0.390015 0.013184 0.005127
