3 0.832153 0.563354 0.016846 0.021240
0 0.497437 0.613159 0.004639 0.003662
0 0.497559 0.609253 0.005859 0.006104
0 0.558472 0.568970 0.011475 0.043213
0 0.906494 0.564209 0.014160 0.015625
0 0.907471 0.582642 0.010742 0.008057
0 0.907104 0.574951 0.011475 0.007324
0 0.473267 0.609741 0.003174 0.004639
3 0.490723 0.597290 0.006836 0.008545
3 0.572510 0.633423 0.017578 0.026123
3 0.799683 0.526245 0.027588 0.034424
3 0.831665 0.542847 0.016357 0.021240
2 0.673462 0.575928 0.010986 0.015137
2 0.871704 0.566528 0.015869 0.020752
3 0.557373 0.535889 0.016602 0.022461
3 0.541260 0.607666 0.003906 0.005859
3 0.546143 0.598755 0.003906 0.009033
