0 0.772461 0.584229 0.011230 0.019043
1 0.129028 0.645996 0.034424 0.059082
1 0.207153 0.644531 0.030029 0.050781
1 0.256104 0.642822 0.011719 0.042480
1 0.466797 0.638794 0.008789 0.015381
1 0.458130 0.638794 0.008545 0.013916
1 0.476074 0.638672 0.009277 0.016113
0 0.516724 0.637207 0.009033 0.018066
1 0.499390 0.638428 0.009033 0.016113
1 0.559937 0.637695 0.009521 0.017578
1 0.526123 0.637207 0.009277 0.016113
1 0.549561 0.637695 0.009766 0.017090
1 0.624756 0.637939 0.010254 0.016602
1 0.614136 0.638550 0.010498 0.016846
1 0.634766 0.638184 0.010254 0.017090
0 0.772949 0.596924 0.008301 0.007812
1 0.904419 0.632935 0.017822 0.026611
1 0.921631 0.633057 0.017090 0.027344
3 0.771973 0.563110 0.010742 0.015381
0 0.911743 0.682861 0.036865 0.028809
0 0.025513 0.549561 0.040283 0.037109
0 0.573853 0.556519 0.010986 0.018799
0 0.099609 0.593750 0.012207 0.015625
4 0.584961 0.632080 0.034668 0.028320
4 0.051880 0.581787 0.028076 0.033691
0 0.726318 0.612793 0.005859 0.008301
1 0.490723 0.637573 0.008789 0.016357
