0 0.130737 0.339233 0.015869 0.088135
3 0.344482 0.517456 0.007812 0.015869
2 0.410156 0.484741 0.007324 0.014893
0 0.151978 0.439697 0.039307 0.018555
0 0.592529 0.460571 0.024414 0.062256
0 0.527466 0.405396 0.018311 0.052002
1 0.526733 0.486938 0.019775 0.012939
0 0.526611 0.455322 0.019043 0.050293
2 0.531616 0.392456 0.007568 0.014893
0 0.523560 0.391724 0.008057 0.014404
0 0.522827 0.439819 0.006592 0.012939
0 0.414551 0.471069 0.005859 0.016846
0 0.344360 0.531616 0.004639 0.012939
0 0.304321 0.504395 0.004639 0.014160
2 0.530884 0.440063 0.007080 0.012451
