3 0.704346 0.393921 0.008789 0.023193
0 0.811401 0.311401 0.016846 0.090576
0 0.434692 0.402222 0.007080 0.005127
0 0.444580 0.406372 0.009766 0.005127
3 0.782471 0.395142 0.007324 0.015381
0 0.447632 0.384399 0.015869 0.031982
0 0.358765 0.407715 0.029053 0.010742
0 0.239868 0.395386 0.012451 0.048096
0 0.853516 0.296143 0.035645 0.024414
3 0.748901 0.367065 0.010986 0.029541
0 0.853638 0.274780 0.036377 0.034424
3 0.459106 0.362061 0.019287 0.038086
2 0.446899 0.377441 0.005127 0.010742
2 0.304565 0.417358 0.012451 0.024658
2 0.810913 0.289185 0.012939 0.037354
3 0.380737 0.431274 0.008545 0.013428
0 0.774536 0.391724 0.012451 0.031006
0 0.783325 0.397461 0.010010 0.022949
3 0.313721 0.397583 0.006348 0.043701
