2 0.656616 0.480835 0.026611 0.052979
0 0.629150 0.499512 0.002930 0.003906
1 0.710327 0.519409 0.010498 0.012451
0 0.650146 0.515869 0.014160 0.018066
0 0.629272 0.504150 0.002686 0.003418
0 0.608276 0.489136 0.005615 0.006104
0 0.896606 0.494385 0.002686 0.013672
0 0.985229 0.517090 0.029053 0.028809
2 0.731201 0.473267 0.009277 0.017334
0 0.944458 0.485596 0.015869 0.019531
0 0.742432 0.489014 0.009766 0.017578
0 0.332031 0.520386 0.019531 0.009033
0 0.961182 0.332642 0.076660 0.094482
0 0.783691 0.343628 0.083984 0.070068
2 0.951660 0.448853 0.030273 0.056396
0 0.720581 0.489502 0.009521 0.017090
0 0.731567 0.482910 0.036377 0.057617
1 0.720459 0.519043 0.010254 0.013672
