0 0.562622 0.528564 0.002686 0.004883
0 0.563232 0.533325 0.013184 0.005127
0 0.293945 0.547119 0.004395 0.009277
0 0.516113 0.538818 0.003418 0.008789
0 0.483765 0.551758 0.005127 0.005371
0 0.628418 0.512207 0.002930 0.017090
3 0.629272 0.526978 0.013428 0.007568
4 0.642334 0.492065 0.037109 0.047607
1 0.643799 0.526733 0.024902 0.023193
0 0.744141 0.461304 0.014648 0.036377
0 0.850098 0.381470 0.034668 0.047607
0 0.850586 0.383423 0.025879 0.029053
3 0.743652 0.455078 0.010254 0.019531
0 0.850952 0.411133 0.036377 0.011719
