4 0.387329 0.236938 0.016846 0.030518
0 0.657471 0.351685 0.002930 0.006104
0 0.421021 0.331665 0.011963 0.016357
0 0.899780 0.250977 0.027588 0.023438
0 0.379639 0.251953 0.002930 0.026367
0 0.735718 0.367188 0.013916 0.024414
0 0.815430 0.402222 0.006348 0.016846
0 0.632080 0.339355 0.001465 0.004395
0 0.935059 0.248291 0.028809 0.027344
0 0.900391 0.286865 0.029785 0.047363
1 0.934570 0.325562 0.025391 0.029541
0 0.406006 0.358276 0.013184 0.035400
0 0.421387 0.359863 0.011719 0.035156
1 0.899902 0.326538 0.025879 0.029053
1 0.421753 0.386841 0.009521 0.019775
0 0.933960 0.284058 0.027100 0.042236
0 0.412598 0.304688 0.017090 0.033203
3 0.405884 0.388306 0.010498 0.020264
0 0.405396 0.331055 0.012939 0.018555
0 0.675659 0.348022 0.006104 0.009033
