3 0.343628 0.605713 0.006104 0.008789
0 0.664795 0.581177 0.010742 0.008545
0 0.207642 0.586670 0.005127 0.006836
0 0.219482 0.577271 0.007812 0.004150
1 0.665283 0.626221 0.011719 0.022461
0 0.207031 0.590942 0.005371 0.002686
0 0.043457 0.581177 0.007324 0.007080
0 0.157349 0.578857 0.003662 0.005371
0 0.372437 0.590454 0.006592 0.010010
0 0.170654 0.586182 0.003418 0.004395
0 0.474487 0.612549 0.003174 0.003906
0 0.469604 0.612427 0.003662 0.004639
1 0.763062 0.634033 0.009033 0.019531
0 0.372681 0.594238 0.012451 0.023438
0 0.478882 0.612793 0.003174 0.004395
0 0.470215 0.606567 0.003418 0.005127
0 0.407715 0.603638 0.014160 0.026611
0 0.470581 0.599609 0.003174 0.003906
0 0.662964 0.604858 0.010986 0.008057
0 0.474243 0.614014 0.018799 0.036621
2 0.460327 0.612671 0.013428 0.036865
0 0.664062 0.593018 0.011230 0.017578
3 0.408325 0.599121 0.008545 0.012207
4 0.344360 0.592407 0.006104 0.008057
3 0.215088 0.597900 0.005371 0.006836
0 0.344360 0.596680 0.010010 0.028809
0 0.142212 0.590576 0.009521 0.010254
