3 0.752930 0.506226 0.038574 0.046143
0 0.126831 0.490234 0.051025 0.012207
0 0.536987 0.551636 0.014893 0.003174
0 0.734009 0.556763 0.005615 0.007568
0 0.259644 0.517700 0.007080 0.012939
0 0.536865 0.547241 0.016602 0.004639
0 0.707397 0.555908 0.004639 0.009766
0 0.738281 0.578979 0.004395 0.006592
0 0.143677 0.495117 0.022705 0.008301
0 0.957275 0.428955 0.042480 0.030273
0 0.630615 0.546265 0.005859 0.008545
0 0.751587 0.475952 0.019775 0.019287
2 0.955200 0.391113 0.039307 0.053223
2 0.098145 0.526367 0.014648 0.027832
3 0.864380 0.589233 0.006104 0.022217
2 0.366211 0.540283 0.008301 0.022461
3 0.338501 0.586548 0.005615 0.019287
3 0.902466 0.512085 0.018799 0.029053
0 0.958252 0.455200 0.041016 0.026611
0 0.745728 0.578857 0.020752 0.007812
