3 0.416382 0.712402 0.011475 0.018066
3 0.648926 0.651733 0.018066 0.024170
0 0.416626 0.730103 0.012451 0.017822
0 0.431885 0.640869 0.012207 0.018555
4 0.568115 0.728271 0.014160 0.020508
0 0.572388 0.664795 0.028076 0.010254
0 0.429932 0.733032 0.013672 0.017822
0 0.073853 0.677612 0.010986 0.015381
0 0.568848 0.740356 0.007812 0.008545
0 0.432739 0.745117 0.006592 0.005859
0 0.552734 0.755005 0.010254 0.013916
0 0.416626 0.755615 0.009033 0.005859
3 0.418701 0.640503 0.008789 0.015381
0 0.502075 0.753662 0.003662 0.006348
