0 0.650024 0.404419 0.007568 0.014404
0 0.709595 0.395752 0.010010 0.020508
4 0.753540 0.354858 0.010498 0.028564
4 0.507324 0.327881 0.015137 0.020508
0 0.168091 0.299561 0.038330 0.012695
0 0.415283 0.440063 0.003418 0.011963
4 0.092896 0.336548 0.009521 0.026123
0 0.369507 0.446533 0.003174 0.005859
0 0.472290 0.438354 0.003662 0.005615
0 0.125122 0.349365 0.010498 0.008301
0 0.465454 0.431763 0.002686 0.005127
0 0.720459 0.395142 0.010254 0.020264
0 0.488281 0.337524 0.018555 0.007568
0 0.526367 0.415161 0.002930 0.006592
0 0.549805 0.404175 0.002930 0.008545
