4 0.126587 0.275635 0.061279 0.072266
4 0.423462 0.386230 0.014404 0.019043
2 0.598633 0.398926 0.013672 0.018066
4 0.608887 0.385864 0.015137 0.016357
3 0.460083 0.405640 0.008545 0.011963
3 0.469971 0.409302 0.007324 0.010986
4 0.132568 0.196899 0.054199 0.074951
2 0.444580 0.400146 0.010742 0.019531
0 0.682617 0.353394 0.058105 0.027100
3 0.451050 0.403931 0.009033 0.013428
3 0.124268 0.339844 0.051758 0.063965
0 0.463745 0.407593 0.007080 0.011475
0 0.684937 0.315552 0.060303 0.051514
3 0.515381 0.421143 0.006836 0.002930
1 0.609131 0.398804 0.012207 0.008545
1 0.422974 0.399170 0.012451 0.010742
0 0.490234 0.433594 0.003418 0.008301
0 0.620972 0.437622 0.011475 0.007080
0 0.582031 0.439331 0.016113 0.008057
