4 0.076050 0.380127 0.040283 0.056152
0 0.461426 0.390015 0.006348 0.007568
0 0.358643 0.391357 0.030273 0.039551
0 0.375610 0.468018 0.018311 0.010742
0 0.461670 0.376465 0.005859 0.006836
0 0.394287 0.473633 0.012695 0.014648
0 0.381592 0.460815 0.003418 0.004639
0 0.420288 0.389038 0.005127 0.007080
0 0.449463 0.390015 0.034180 0.020264
0 0.420288 0.395508 0.005127 0.006348
0 0.377197 0.464355 0.024414 0.021973
0 0.153564 0.420654 0.073242 0.031738
0 0.377075 0.445068 0.015869 0.006836
0 0.152710 0.446777 0.073486 0.032715
0 0.368042 0.391479 0.005127 0.007080
0 0.390625 0.487915 0.004395 0.008545
0 0.434570 0.390015 0.078125 0.048584
0 0.390503 0.478271 0.004639 0.007812
0 0.643677 0.465088 0.015869 0.022949
