0 0.781372 0.565186 0.024658 0.036133
0 0.591431 0.609619 0.001221 0.002930
0 0.609619 0.624756 0.000977 0.002441
0 0.631348 0.627319 0.003906 0.007080
0 0.453857 0.524048 0.020020 0.034424
0 0.604858 0.617310 0.001221 0.003174
0 0.599609 0.613037 0.000977 0.003418
0 0.608643 0.621216 0.000977 0.002686
0 0.484985 0.616577 0.007080 0.010010
0 0.780884 0.564697 0.028564 0.062988
0 0.575806 0.622192 0.004150 0.010986
0 0.575806 0.621216 0.002686 0.005615
1 0.453491 0.559814 0.023193 0.014648
0 0.454102 0.524658 0.023926 0.059082
4 0.621460 0.624390 0.003174 0.005127
1 0.781250 0.603516 0.028809 0.016113
0 0.621094 0.625244 0.003418 0.010742
