3 0.452271 0.678711 0.014404 0.019043
1 0.661621 0.691406 0.006836 0.009766
0 0.290649 0.752563 0.008545 0.038330
0 0.338013 0.743774 0.006592 0.026611
0 0.330200 0.745850 0.006592 0.029297
0 0.319580 0.747559 0.007324 0.031250
0 0.311279 0.749390 0.007812 0.032959
0 0.648560 0.681274 0.023193 0.044678
0 0.633301 0.679932 0.012207 0.018066
2 0.634033 0.703369 0.014160 0.027344
0 0.650146 0.708740 0.021973 0.009277
1 0.593018 0.703003 0.008789 0.011963
0 0.540039 0.677979 0.029297 0.030273
1 0.488159 0.718872 0.011963 0.015381
4 0.453735 0.700195 0.020264 0.023926
0 0.481445 0.680176 0.032227 0.031738
3 0.648560 0.674194 0.010986 0.014893
1 0.525024 0.714355 0.010498 0.013672
3 0.649170 0.690918 0.011719 0.014648
1 0.560425 0.708618 0.009033 0.012939
0 0.601196 0.663940 0.002197 0.004639
