4 0.411377 0.604370 0.012207 0.014404
0 0.521729 0.625122 0.015137 0.009521
0 0.616333 0.641357 0.007568 0.006348
0 0.614868 0.651611 0.006592 0.013184
0 0.419556 0.645752 0.008057 0.013672
3 0.662476 0.645996 0.004150 0.007812
0 0.317017 0.544678 0.092529 0.143555
0 0.324463 0.617798 0.027344 0.012451
3 0.308472 0.635010 0.007080 0.009277
4 0.378662 0.630981 0.012695 0.016357
3 0.410278 0.632324 0.011475 0.014648
4 0.313354 0.578857 0.035889 0.042969
0 0.410767 0.610229 0.018799 0.029541
3 0.520386 0.645386 0.007568 0.010498
