3 0.721191 0.137817 0.021973 0.045654
0 0.682495 0.091675 0.014404 0.031494
0 0.309448 0.135010 0.012451 0.019531
0 0.131348 0.143311 0.015625 0.017578
0 0.133057 0.165039 0.016602 0.023438
0 0.301392 0.032104 0.053467 0.029053
3 0.419434 0.225586 0.020020 0.065430
0 0.533325 0.194458 0.005615 0.013428
0 0.565308 0.095947 0.008545 0.021484
3 0.687622 0.201050 0.022217 0.078369
3 0.689697 0.128296 0.035645 0.071045
3 0.378174 0.269409 0.018555 0.052979
3 0.375732 0.208862 0.025391 0.067139
0 0.418213 0.161499 0.019531 0.056885
0 0.723389 0.073730 0.029785 0.082520
3 0.661621 0.166382 0.005371 0.039307
0 0.137939 0.208130 0.008301 0.031006
