4 0.729736 0.595459 0.023926 0.060547
3 0.276611 0.719360 0.003418 0.008057
3 0.144531 0.698242 0.012695 0.023438
0 0.169678 0.717896 0.003906 0.008545
0 0.459839 0.701904 0.002197 0.015625
0 0.729370 0.661987 0.002686 0.013428
0 0.729614 0.667725 0.003174 0.026367
0 0.459717 0.698730 0.001953 0.007324
0 0.729492 0.634766 0.002441 0.012695
0 0.713867 0.672241 0.008789 0.047119
0 0.729858 0.721924 0.004150 0.035156
0 0.953491 0.692383 0.004150 0.007324
0 0.729126 0.640869 0.003174 0.028809
0 0.953491 0.696167 0.004639 0.018799
