4 0.509521 0.671997 0.011719 0.018799
1 0.018555 0.708496 0.004883 0.009766
0 0.564209 0.635742 0.001953 0.012207
1 0.394653 0.706909 0.005615 0.009521
0 0.376953 0.691406 0.012207 0.008301
3 0.345825 0.633667 0.002197 0.014404
3 0.360474 0.638428 0.001709 0.014648
1 0.322144 0.707397 0.005615 0.010010
1 0.459839 0.704834 0.005615 0.010254
1 0.220337 0.711426 0.005127 0.008301
0 0.510010 0.684692 0.011719 0.007080
0 0.578613 0.628906 0.004395 0.011719
0 0.377319 0.678223 0.012451 0.020996
0 0.606689 0.668457 0.033691 0.017090
2 0.279175 0.686279 0.007080 0.019531
4 0.577026 0.655273 0.020264 0.031738
2 0.351318 0.683105 0.006348 0.016602
4 0.405151 0.665405 0.020752 0.032471
0 0.578491 0.641113 0.003662 0.012695
1 0.128296 0.709595 0.005127 0.009521
