0 0.535034 0.477173 0.151611 0.095459
0 0.447632 0.673584 0.004150 0.006348
0 0.507935 0.673218 0.004150 0.008057
0 0.514893 0.677002 0.004395 0.004883
0 0.507812 0.664673 0.006348 0.009033
0 0.483643 0.673340 0.004395 0.006348
0 0.485596 0.668823 0.002930 0.004150
0 0.390991 0.479126 0.030029 0.031006
0 0.515503 0.664551 0.005127 0.006836
0 0.474731 0.658447 0.009033 0.006836
1 0.535034 0.674316 0.004150 0.009277
0 0.565063 0.500977 0.028076 0.030273
0 0.497803 0.665894 0.004395 0.006592
0 0.467041 0.659058 0.006348 0.006104
4 0.638550 0.650757 0.017334 0.022705
0 0.535278 0.656494 0.014404 0.016602
0 0.390869 0.481934 0.055664 0.085449
0 0.467163 0.654663 0.005615 0.002197
0 0.515381 0.671509 0.005859 0.006104
