0 0.479126 0.678955 0.010498 0.004883
0 0.222412 0.691162 0.008789 0.004883
3 0.597534 0.669678 0.016846 0.030762
0 0.597534 0.690430 0.011475 0.012207
0 0.441528 0.710938 0.002197 0.002930
0 0.446533 0.711060 0.001953 0.003174
0 0.481323 0.714478 0.003174 0.008545
0 0.471191 0.713135 0.002441 0.003906
0 0.386719 0.710815 0.004883 0.008057
0 0.315552 0.712158 0.003174 0.004395
0 0.285645 0.676147 0.004395 0.006104
0 0.210449 0.706787 0.002930 0.004883
0 0.445557 0.675903 0.004395 0.007080
0 0.461548 0.677612 0.004639 0.005615
0 0.252319 0.679443 0.005127 0.006836
0 0.527344 0.708374 0.004883 0.008545
