2 0.579102 0.360596 0.020996 0.028809
0 0.510620 0.400879 0.005615 0.007812
1 0.447876 0.400146 0.005615 0.008301
0 0.713989 0.434814 0.006592 0.009766
0 0.436279 0.402344 0.006348 0.006348
0 0.373657 0.429565 0.006104 0.008545
0 0.456787 0.408569 0.006348 0.011963
0 0.436401 0.408447 0.006592 0.006836
0 0.456909 0.398071 0.006592 0.008545
0 0.540039 0.362183 0.013672 0.018799
0 0.370850 0.407715 0.006348 0.008789
0 0.448120 0.391113 0.007568 0.008789
3 0.067627 0.361694 0.013184 0.016357
2 0.510986 0.385498 0.010254 0.014160
2 0.262207 0.361450 0.022949 0.029541
0 0.456665 0.390137 0.006592 0.007324
0 0.632812 0.433228 0.006836 0.009033
