3 0.361084 0.249756 0.027832 0.062988
3 0.737671 0.468872 0.014404 0.029053
0 0.747559 0.429321 0.043457 0.117432
3 0.758667 0.467896 0.015869 0.030518
0 0.699829 0.318359 0.037842 0.116211
3 0.279541 0.514526 0.043945 0.076904
3 0.337646 0.507935 0.041504 0.069580
0 0.413330 0.447876 0.065918 0.121826
0 0.519897 0.442261 0.005615 0.022705
0 0.300415 0.417603 0.120850 0.306396
0 0.528442 0.408936 0.006592 0.020020
4 0.519287 0.406250 0.008301 0.021973
3 0.361450 0.316040 0.026611 0.062256
0 0.433594 0.432739 0.022461 0.064697
0 0.701538 0.289307 0.037354 0.057617
