4 0.563599 0.556641 0.021729 0.032227
3 0.638306 0.506592 0.026123 0.034668
3 0.167603 0.488159 0.021240 0.038330
0 0.392334 0.554199 0.005859 0.010742
0 0.989990 0.403809 0.019531 0.060059
3 0.565552 0.586182 0.015869 0.023926
3 0.532593 0.562866 0.014404 0.019775
0 0.163940 0.513916 0.015381 0.016602
0 0.161621 0.530884 0.021973 0.018311
0 0.640137 0.545166 0.020508 0.016113
2 0.964111 0.413696 0.021484 0.045654
0 0.963867 0.429321 0.030273 0.084717
0 0.639038 0.531494 0.018311 0.014160
0 0.986450 0.485962 0.024170 0.222900
