4 0.851318 0.573364 0.037109 0.051025
3 0.779785 0.651367 0.009277 0.015137
3 0.509033 0.634155 0.004883 0.006104
4 0.467285 0.631226 0.010742 0.014404
0 0.808228 0.657471 0.019287 0.057129
0 0.577148 0.634766 0.003906 0.005371
0 0.467407 0.638794 0.008057 0.003662
0 0.675293 0.634888 0.002441 0.004150
0 0.541382 0.635742 0.006104 0.010254
0 0.659546 0.635376 0.003174 0.003174
0 0.659546 0.639160 0.003174 0.003418
0 0.604736 0.645630 0.001953 0.008057
0 0.675293 0.639038 0.003418 0.004639
0 0.995972 0.564453 0.007568 0.033691
