3 0.517090 0.851685 0.018555 0.024658
0 0.703857 0.871704 0.015625 0.018799
0 0.768066 0.866455 0.017578 0.025879
0 0.772583 0.828491 0.022705 0.060303
0 0.449341 0.849976 0.009033 0.009521
0 0.575684 0.856079 0.043945 0.020264
0 0.678223 0.890137 0.054199 0.025391
0 0.440552 0.845093 0.006104 0.012451
0 0.681030 0.866943 0.046143 0.021973
0 0.575195 0.874023 0.044922 0.017578
0 0.541748 0.816650 0.021973 0.040527
0 0.704956 0.846680 0.015381 0.040527
3 0.564209 0.816895 0.006836 0.031250
3 0.991089 0.876587 0.012451 0.048096
0 0.539551 0.843872 0.020508 0.018799
0 0.210815 0.812500 0.010498 0.069824
