0 0.973022 0.286743 0.024170 0.006104
0 0.972412 0.292358 0.023926 0.005127
0 0.972168 0.297363 0.024414 0.005859
0 0.599609 0.258179 0.009277 0.007568
0 0.599365 0.265625 0.008789 0.007324
0 0.599487 0.273926 0.009033 0.009277
0 0.599121 0.281616 0.008789 0.005615
0 0.599365 0.291138 0.011230 0.015381
0 0.537598 0.281738 0.007324 0.014160
0 0.165527 0.255615 0.013184 0.020020
0 0.166260 0.269897 0.015137 0.007568
1 0.166748 0.277466 0.014648 0.008057
3 0.038696 0.326050 0.031982 0.045166
3 0.351196 0.266479 0.008057 0.018799
3 0.525757 0.271973 0.008545 0.015625
3 0.992432 0.324951 0.010742 0.013184
