0 0.342407 0.538452 0.009033 0.006104
3 0.193115 0.588623 0.004883 0.007324
0 0.360107 0.538208 0.008301 0.006592
0 0.360474 0.547607 0.008057 0.013184
0 0.342896 0.547607 0.009521 0.012695
0 0.352051 0.582397 0.032227 0.012451
0 0.351807 0.567993 0.021973 0.015381
0 0.256470 0.604248 0.004639 0.007812
0 0.215454 0.590088 0.004150 0.007324
1 0.133911 0.606445 0.007080 0.006836
0 0.172363 0.605347 0.004395 0.007568
1 0.342773 0.556763 0.007324 0.007080
0 0.360718 0.556885 0.008545 0.006836
0 0.419922 0.571533 0.006836 0.013184
0 0.421021 0.580933 0.005615 0.004150
0 0.252808 0.605957 0.003662 0.005371
0 0.252686 0.600586 0.003906 0.005371
