0 0.430298 0.586670 0.023193 0.031250
0 0.321655 0.390991 0.125244 0.170654
0 0.512817 0.367920 0.120850 0.074707
0 0.545410 0.623291 0.003906 0.013672
1 0.552734 0.630859 0.005371 0.023438
0 0.632690 0.598633 0.008545 0.028809
1 0.720215 0.627319 0.007324 0.024170
4 0.736206 0.609497 0.014404 0.025146
0 0.747925 0.609375 0.013428 0.030273
0 0.499146 0.628174 0.003174 0.011719
0 0.459595 0.586792 0.012451 0.024658
0 0.419556 0.366577 0.060791 0.110596
0 0.594727 0.624756 0.005371 0.013184
0 0.287231 0.333252 0.024658 0.039551
0 0.425781 0.598145 0.007812 0.005859
0 0.322998 0.281128 0.125977 0.051025
0 0.302124 0.454956 0.037354 0.025635
2 0.286011 0.282593 0.023682 0.038330
0 0.421753 0.576782 0.004639 0.010010
0 0.495117 0.381348 0.035156 0.024902
0 0.330200 0.333740 0.024170 0.038574
4 0.418945 0.355103 0.044434 0.068115
