0 0.129395 0.491821 0.014648 0.013916
0 0.143311 0.483765 0.007324 0.015869
0 0.837769 0.574463 0.005615 0.034180
0 0.849731 0.570312 0.011963 0.037109
0 0.677124 0.594971 0.003174 0.008301
0 0.674194 0.576904 0.003662 0.007324
0 0.254395 0.701904 0.003418 0.021484
0 0.076050 0.647217 0.009033 0.018066
0 0.076782 0.662476 0.005615 0.010010
0 0.076904 0.671753 0.003906 0.010010
0 0.104126 0.657227 0.004639 0.018555
0 0.108887 0.659302 0.005371 0.014893
0 0.107300 0.674072 0.004639 0.014648
0 0.051025 0.683838 0.001953 0.006348
