3 0.309692 0.416992 0.009033 0.011719
0 0.225952 0.401733 0.006104 0.012451
0 0.226074 0.421631 0.009766 0.003906
0 0.373779 0.439819 0.002930 0.020264
0 0.369385 0.416748 0.009766 0.013672
0 0.382080 0.440186 0.001953 0.018555
0 0.424194 0.408569 0.005615 0.007568
0 0.975586 0.364746 0.048340 0.083496
0 0.226440 0.413818 0.004639 0.009766
0 0.423950 0.414917 0.005615 0.004150
0 0.416260 0.406738 0.007812 0.005371
0 0.680176 0.359619 0.015137 0.007812
3 0.986694 0.299927 0.026123 0.043213
3 0.679932 0.346191 0.014648 0.021484
0 0.416382 0.398804 0.007568 0.010986
3 0.349365 0.415283 0.009766 0.014160
0 0.667847 0.368164 0.051514 0.088379
0 0.398071 0.440674 0.001709 0.023926
0 0.226074 0.425537 0.005371 0.003906
