0 0.278442 0.480225 0.023193 0.027832
0 0.463013 0.426147 0.050537 0.061279
0 0.818115 0.465820 0.003906 0.007324
0 0.700928 0.472412 0.003906 0.009277
0 0.487793 0.483032 0.004883 0.016357
0 0.661865 0.471924 0.009766 0.017090
0 0.272461 0.475098 0.007812 0.012207
3 0.725098 0.465210 0.009277 0.015381
0 0.462891 0.432739 0.016602 0.030518
3 0.476929 0.413086 0.015869 0.029297
3 0.069336 0.460083 0.015137 0.029541
0 0.413818 0.418945 0.029785 0.047363
0 0.267212 0.476929 0.005615 0.012939
3 0.448120 0.415894 0.016357 0.029053
3 0.285522 0.474854 0.007568 0.013184
0 0.182861 0.472412 0.048828 0.017090
2 0.413940 0.463989 0.021729 0.041260
0 0.279053 0.483154 0.007812 0.013672
0 0.815918 0.476685 0.004395 0.006592
0 0.823608 0.465698 0.003662 0.007080
