3 0.508667 0.237427 0.017822 0.022217
3 0.230469 0.311157 0.009766 0.013916
0 0.680054 0.119995 0.016846 0.079346
0 0.347412 0.301392 0.006836 0.008545
0 0.682007 0.169067 0.012451 0.031982
3 0.469849 0.288818 0.005615 0.009277
0 0.428955 0.289062 0.004395 0.005859
2 0.684326 0.135132 0.004883 0.013428
2 0.677246 0.140991 0.005371 0.011963
0 0.411987 0.303589 0.002686 0.003662
0 0.243652 0.354492 0.003906 0.011719
0 0.461182 0.295044 0.003418 0.004639
0 0.509155 0.253174 0.014404 0.008789
3 0.242676 0.343872 0.003906 0.010498
0 0.240479 0.323364 0.004395 0.011475
0 0.241699 0.334229 0.004395 0.012207
