0 0.569824 0.741577 0.007812 0.014404
3 0.362183 0.725830 0.015869 0.028320
0 0.521240 0.713135 0.005859 0.010254
0 0.569580 0.755859 0.013672 0.013184
0 0.627197 0.722412 0.019531 0.023438
0 0.627441 0.743774 0.013672 0.018311
0 0.526855 0.712769 0.005371 0.009521
0 0.527222 0.720581 0.004639 0.005615
0 0.484497 0.755615 0.003662 0.007324
0 0.520996 0.720825 0.005859 0.005615
0 0.533325 0.712891 0.006104 0.010742
0 0.484131 0.763306 0.003418 0.006592
0 0.361938 0.753174 0.013428 0.023926
0 0.533325 0.720581 0.006104 0.005615
