4 0.403320 0.495605 0.011719 0.015625
3 0.598267 0.488281 0.016357 0.029297
4 0.553833 0.491089 0.010498 0.014404
0 0.960205 0.411499 0.049805 0.045654
0 0.961670 0.467896 0.049316 0.063232
3 0.472656 0.493408 0.003418 0.005859
0 0.958862 0.355957 0.048096 0.062012
0 0.582520 0.500122 0.005859 0.018799
0 0.553589 0.500366 0.013428 0.003662
0 0.453125 0.497925 0.003418 0.003662
0 0.526489 0.490601 0.002686 0.004150
0 0.453491 0.492432 0.005615 0.007324
0 0.489502 0.493408 0.001953 0.002930
0 0.460205 0.493896 0.003906 0.004395
0 0.958008 0.308105 0.050293 0.033691
