3 0.749756 0.354004 0.023438 0.038574
3 0.093872 0.418823 0.013916 0.017334
3 0.630371 0.440308 0.012207 0.015869
3 0.714722 0.418701 0.018799 0.021484
3 0.533813 0.463745 0.014404 0.019775
0 0.573853 0.275879 0.047119 0.020508
3 0.987671 0.421753 0.010986 0.015381
3 0.916016 0.402222 0.035645 0.042725
0 0.674683 0.409546 0.005127 0.006592
0 0.674438 0.414429 0.006592 0.021240
0 0.735962 0.403564 0.019287 0.030762
0 0.185303 0.416138 0.007324 0.011963
0 0.382812 0.420532 0.004395 0.009521
3 0.749023 0.392578 0.023438 0.037598
0 0.674683 0.419556 0.005127 0.006592
