0 0.531128 0.580444 0.018799 0.012939
0 0.024536 0.593018 0.037842 0.063965
0 0.782837 0.323730 0.155029 0.108398
0 0.501343 0.592285 0.021240 0.010742
0 0.325439 0.351196 0.256348 0.096924
0 0.582031 0.576660 0.033203 0.016113
0 0.559692 0.609497 0.002686 0.008545
0 0.653076 0.604004 0.003906 0.007812
0 0.706055 0.607056 0.003418 0.004639
0 0.642578 0.601562 0.008301 0.014160
0 0.630981 0.602173 0.010498 0.007080
0 0.754395 0.604980 0.002930 0.004883
0 0.643433 0.613647 0.003174 0.009033
0 0.742310 0.604370 0.004639 0.009033
0 0.685059 0.608887 0.003418 0.005371
0 0.732910 0.606689 0.002930 0.004883
