3 0.399048 0.613403 0.010498 0.014893
4 0.548218 0.562988 0.020752 0.025391
3 0.469604 0.578491 0.007568 0.010986
0 0.258667 0.570312 0.015381 0.020508
0 0.548218 0.579346 0.017334 0.009766
0 0.487671 0.578735 0.010986 0.005127
3 0.178345 0.593872 0.006592 0.009033
0 0.469482 0.586304 0.007812 0.004150
0 0.524902 0.573364 0.012207 0.015381
1 0.548340 0.589111 0.017090 0.010742
0 0.509888 0.590088 0.006104 0.007324
0 0.509766 0.595215 0.004883 0.004395
0 0.510132 0.599121 0.005615 0.004395
0 0.145874 0.562866 0.024170 0.031006
