0 0.206421 0.625122 0.013916 0.006104
3 0.618286 0.582886 0.020752 0.027100
4 0.839844 0.500610 0.064453 0.091553
1 0.841064 0.569214 0.031250 0.047119
3 0.049927 0.622437 0.013428 0.015869
0 0.048706 0.632812 0.010986 0.009766
3 0.046021 0.644165 0.013428 0.014893
3 0.062622 0.658691 0.007080 0.012695
0 0.186768 0.672974 0.006348 0.010986
3 0.199463 0.636108 0.013672 0.016357
0 0.198975 0.646362 0.007812 0.003662
3 0.225830 0.626587 0.006836 0.010498
3 0.172119 0.680176 0.005859 0.010254
0 0.126709 0.673218 0.005371 0.010010
