0 0.559937 0.205933 0.119873 0.109619
0 0.484375 0.502075 0.028320 0.027100
0 0.631958 0.542480 0.008545 0.006348
0 0.576050 0.553101 0.011963 0.009033
0 0.647339 0.561035 0.017822 0.009277
0 0.538574 0.567871 0.005371 0.009766
3 0.701172 0.527344 0.012695 0.018066
0 0.743530 0.517578 0.018799 0.036621
0 0.878540 0.497803 0.014893 0.025879
3 0.817627 0.519409 0.014648 0.025635
4 0.477905 0.553467 0.008057 0.011230
3 0.436401 0.555176 0.010010 0.014648
0 0.239258 0.508667 0.005371 0.026123
0 0.009888 0.590088 0.019775 0.042480
