2 0.333252 0.610229 0.010742 0.014404
3 0.450195 0.620483 0.011719 0.016357
3 0.106934 0.572998 0.026855 0.033203
2 0.561890 0.610962 0.010986 0.016846
2 0.449585 0.603516 0.011963 0.015625
0 0.435669 0.625488 0.005615 0.007812
0 0.286743 0.620239 0.004639 0.006592
0 0.105469 0.597534 0.017578 0.013916
0 0.247192 0.612183 0.007568 0.009521
0 0.321655 0.627808 0.017334 0.004150
0 0.434570 0.631226 0.003418 0.003662
0 0.494385 0.637451 0.022949 0.007324
0 0.769897 0.656494 0.007080 0.008789
0 0.764526 0.646240 0.005615 0.012695
0 0.584839 0.625122 0.004150 0.011963
0 0.770020 0.666748 0.004395 0.003906
0 0.770142 0.662720 0.005127 0.002686
0 0.764893 0.655640 0.003906 0.004150
