3 0.189697 0.442383 0.025391 0.072754
0 0.451538 0.462036 0.002686 0.004639
0 0.737183 0.481567 0.003174 0.013428
0 0.620117 0.506226 0.006348 0.019287
0 0.032227 0.424194 0.025879 0.011963
0 0.975220 0.520264 0.004639 0.006836
0 0.974976 0.529053 0.005127 0.006348
0 0.692383 0.492676 0.008301 0.007812
0 0.658203 0.511719 0.004883 0.018066
0 0.461060 0.464966 0.023682 0.048584
0 0.188477 0.527344 0.023438 0.091797
2 0.944824 0.487061 0.007812 0.020996
0 0.364258 0.459229 0.006348 0.010742
0 0.777466 0.416504 0.012451 0.066895
3 0.566650 0.411133 0.030273 0.040039
3 0.692383 0.481934 0.011230 0.012695
2 0.666260 0.321411 0.052246 0.071045
3 0.568481 0.367554 0.040771 0.049072
0 0.744385 0.455322 0.013672 0.003418
