4 0.477905 0.637085 0.027100 0.034912
0 0.446045 0.655029 0.023438 0.020508
0 0.426758 0.688599 0.006836 0.009033
0 0.468628 0.682617 0.008057 0.011230
0 0.776123 0.407593 0.112305 0.106689
3 0.433716 0.663940 0.008545 0.011963
0 0.426392 0.697998 0.005127 0.007812
0 0.405884 0.699463 0.003662 0.005371
0 0.435181 0.690308 0.008057 0.006104
0 0.434570 0.673096 0.007324 0.005859
3 0.429321 0.679321 0.007080 0.010010
0 0.011108 0.712769 0.022217 0.041748
0 0.434570 0.681885 0.008789 0.011719
3 0.009155 0.748779 0.018311 0.029785
4 0.771240 0.294556 0.111328 0.132568
0 0.383667 0.722046 0.005127 0.006592
0 0.427979 0.695312 0.005859 0.008301
