4 0.891724 0.491333 0.012939 0.028076
3 0.944214 0.416992 0.003662 0.007324
3 0.763794 0.509033 0.002197 0.006348
0 0.233643 0.539429 0.013672 0.014404
3 0.869629 0.509277 0.001953 0.004883
3 0.883667 0.503784 0.003174 0.006104
0 0.863281 0.522217 0.000977 0.006348
0 0.884033 0.511353 0.000977 0.002686
0 0.884033 0.508423 0.000977 0.002686
0 0.883789 0.510132 0.002441 0.005615
1 0.956299 0.505615 0.002441 0.011719
1 0.027466 0.506958 0.001709 0.010010
0 0.086304 0.546509 0.005615 0.013428
0 0.065918 0.528564 0.003418 0.009766
0 0.944214 0.420044 0.005127 0.016357
