3 0.359375 0.734253 0.006348 0.010986
1 0.428955 0.738403 0.004395 0.010986
4 0.517578 0.732422 0.005371 0.010254
1 0.357910 0.747681 0.003418 0.007568
0 0.266602 0.673340 0.072266 0.046387
0 0.431519 0.724976 0.005127 0.006104
1 0.307373 0.746582 0.002441 0.006836
0 0.197388 0.742554 0.004639 0.007080
0 0.486450 0.733276 0.003174 0.003174
0 0.249634 0.748413 0.003174 0.004639
0 0.431641 0.716064 0.006348 0.009766
0 0.447632 0.732422 0.003174 0.002441
0 0.568115 0.730591 0.005371 0.006592
0 0.567627 0.721558 0.005371 0.010498
0 0.443481 0.731812 0.001709 0.005615
