2 0.596680 0.656250 0.010254 0.018066
0 0.151123 0.588867 0.012207 0.008789
0 0.162842 0.607544 0.007324 0.008545
0 0.137451 0.606689 0.017090 0.007324
0 0.150269 0.643066 0.009033 0.004883
0 0.162720 0.590698 0.010986 0.008057
0 0.589844 0.668213 0.006836 0.011230
0 0.596680 0.669556 0.009766 0.009033
3 0.840454 0.567749 0.052979 0.067627
0 0.842285 0.628662 0.041504 0.055176
0 0.152222 0.597412 0.010010 0.007324
0 0.151611 0.629272 0.009277 0.009033
0 0.150879 0.612549 0.011230 0.006836
0 0.150757 0.636719 0.009521 0.006348
0 0.165649 0.599609 0.015869 0.008301
0 0.151611 0.605225 0.011230 0.006348
