0 0.110229 0.556519 0.023193 0.018799
4 0.588623 0.611206 0.019043 0.031006
0 0.771729 0.633667 0.031250 0.019287
0 0.399536 0.766357 0.020264 0.114746
3 0.764160 0.490356 0.066406 0.042236
3 0.115723 0.501709 0.043945 0.094727
0 0.123169 0.443115 0.066650 0.032715
3 0.768433 0.566040 0.056396 0.113037
3 0.391479 0.594238 0.011475 0.007812
0 0.126709 0.412109 0.046875 0.051270
3 0.400024 0.749268 0.012939 0.022949
0 0.280640 0.653809 0.007568 0.036133
3 0.760620 0.440186 0.043213 0.058105
0 0.589722 0.589478 0.018311 0.008545
0 0.281006 0.648438 0.003418 0.009277
