4 0.392334 0.378174 0.011230 0.014648
4 0.516235 0.384888 0.014404 0.018311
3 0.264526 0.346436 0.029541 0.040039
3 0.372314 0.380127 0.010254 0.014160
0 0.358521 0.360962 0.005615 0.008057
1 0.484741 0.398315 0.003174 0.006592
0 0.372192 0.392822 0.007568 0.011230
0 0.358398 0.378174 0.004883 0.007324
1 0.504517 0.397461 0.004150 0.005859
0 0.364868 0.355225 0.006104 0.003906
1 0.364624 0.367920 0.004639 0.004395
1 0.358398 0.367676 0.005371 0.005371
0 0.364990 0.361084 0.006348 0.007812
0 0.358521 0.372437 0.005615 0.004150
0 0.364990 0.372681 0.004883 0.004639
0 0.358521 0.354858 0.004639 0.004639
0 0.364990 0.378662 0.005859 0.007324
1 0.364136 0.385132 0.005127 0.005127
0 0.457397 0.380493 0.003662 0.004150
0 0.392456 0.389771 0.007080 0.008057
1 0.358398 0.384888 0.005371 0.005127
0 0.457031 0.385132 0.003418 0.004639
1 0.457031 0.390259 0.003906 0.003662
1 0.461914 0.396484 0.003418 0.006836
1 0.442871 0.396118 0.003906 0.007080
0 0.462158 0.381226 0.004883 0.004150
0 0.554443 0.395874 0.008789 0.010986
0 0.554321 0.380859 0.009521 0.015137
0 0.462402 0.385620 0.004395 0.005127
0 0.462158 0.390625 0.003906 0.004395
0 0.553833 0.409302 0.010498 0.013428
0 0.515625 0.399414 0.007812 0.008789
