0 0.679199 0.603638 0.020020 0.024170
0 0.677368 0.575073 0.019775 0.024170
0 0.578003 0.608032 0.008057 0.019287
0 0.375488 0.639771 0.008301 0.040771
0 0.602051 0.607178 0.006836 0.016602
0 0.678345 0.588989 0.029053 0.064697
0 0.824951 0.665161 0.012207 0.039795
0 0.681641 0.644409 0.006348 0.020752
0 0.734497 0.652832 0.007568 0.029785
0 0.623291 0.631104 0.002930 0.013672
0 0.616699 0.629395 0.002441 0.011230
0 0.649414 0.637329 0.004395 0.016846
0 0.610352 0.627075 0.002441 0.010010
0 0.519897 0.603516 0.031006 0.017090
0 0.631592 0.634399 0.003906 0.015869
