0 0.642578 0.410400 0.013672 0.003906
0 0.302002 0.349609 0.013184 0.020996
0 0.301636 0.398315 0.035400 0.025146
0 0.652832 0.409424 0.004395 0.005859
0 0.441772 0.457275 0.004639 0.007324
0 0.532715 0.449829 0.003906 0.005615
0 0.535156 0.444092 0.003906 0.009766
0 0.574463 0.448975 0.004395 0.010254
3 0.611450 0.452148 0.008545 0.013184
0 0.310303 0.460083 0.008301 0.017822
0 0.302246 0.379639 0.011719 0.010742
0 0.218994 0.503296 0.007324 0.023193
0 0.050171 0.471680 0.019775 0.041992
0 0.302124 0.368408 0.012939 0.011230
