3 0.788940 0.389648 0.006592 0.013672
1 0.908203 0.426025 0.013184 0.015137
1 0.890015 0.426880 0.011963 0.012939
0 0.887939 0.472534 0.012207 0.013428
3 0.822388 0.436035 0.004150 0.008789
0 0.885498 0.406982 0.008301 0.009766
0 0.891357 0.407593 0.012695 0.022705
0 0.884766 0.414673 0.006836 0.008057
0 0.886353 0.397827 0.009033 0.011475
0 0.891602 0.389771 0.013184 0.009521
0 0.910278 0.390381 0.013428 0.011719
0 0.909546 0.407349 0.017334 0.021729
0 0.888550 0.454712 0.013916 0.020752
0 0.889160 0.439087 0.013184 0.011963
0 0.870850 0.426880 0.004883 0.012451
0 0.874268 0.388428 0.001953 0.004883
0 0.873535 0.396973 0.001953 0.010254
0 0.870728 0.417236 0.002197 0.005859
0 0.873169 0.409424 0.002686 0.010742
0 0.871460 0.399658 0.002197 0.005859
0 0.810425 0.432617 0.002686 0.006836
0 0.872559 0.417480 0.001465 0.006836
