3 0.481812 0.576782 0.005615 0.008545
2 0.212280 0.563965 0.019775 0.035156
0 0.763062 0.642090 0.005127 0.020020
0 0.782593 0.643311 0.006104 0.024902
0 0.645630 0.595215 0.007568 0.010254
0 0.504028 0.584839 0.004150 0.008545
0 0.461426 0.586792 0.003906 0.009033
3 0.340942 0.581787 0.009521 0.012207
0 0.699097 0.630249 0.003174 0.010010
0 0.705322 0.635254 0.003418 0.010742
3 0.427246 0.577637 0.009766 0.013184
0 0.387329 0.579346 0.005615 0.009277
0 0.567505 0.609375 0.002686 0.005371
0 0.916504 0.579224 0.003418 0.007080
0 0.610229 0.597046 0.009521 0.003662
3 0.927002 0.580078 0.005859 0.007812
0 0.421875 0.580933 0.015625 0.009033
0 0.421997 0.587891 0.015381 0.001953
0 0.783081 0.643188 0.005615 0.022217
