3 0.303955 0.662354 0.009277 0.032227
0 0.524414 0.700195 0.001465 0.002441
0 0.543213 0.690796 0.003906 0.005615
0 0.647095 0.687500 0.004639 0.003906
0 0.619873 0.695801 0.002441 0.006836
0 0.548584 0.693604 0.003906 0.006348
0 0.533203 0.685913 0.003418 0.007080
0 0.510498 0.702148 0.000977 0.006348
0 0.543457 0.693237 0.005859 0.012451
0 0.510010 0.696411 0.002930 0.004639
0 0.647461 0.691895 0.004883 0.003418
0 0.961182 0.669312 0.011230 0.037354
0 0.007446 0.622559 0.014893 0.050781
0 0.748779 0.542480 0.169922 0.293457
0 0.538574 0.694946 0.003418 0.004150
3 0.514893 0.695190 0.003906 0.006592
3 0.558228 0.679932 0.007080 0.009766
3 0.558472 0.690674 0.007080 0.009277
0 0.621094 0.690552 0.009277 0.004639
3 0.538940 0.690796 0.002197 0.004150
