3 0.340820 0.425293 0.017090 0.022949
0 0.547241 0.485474 0.005615 0.007080
0 0.390503 0.479858 0.009033 0.023682
0 0.271729 0.459473 0.017090 0.011230
0 0.551514 0.503418 0.009277 0.014648
0 0.728882 0.455444 0.010010 0.012451
0 0.387573 0.474243 0.005127 0.010010
0 0.390137 0.475220 0.006348 0.009521
0 0.311768 0.417480 0.023438 0.043457
3 0.565918 0.498535 0.006836 0.008789
0 0.669189 0.483765 0.012695 0.006592
0 0.660034 0.483643 0.004639 0.006348
2 0.312134 0.409912 0.017822 0.023438
3 0.764404 0.455933 0.017090 0.021729
2 0.025391 0.216187 0.050781 0.068604
0 0.599243 0.489014 0.005127 0.011230
0 0.028442 0.261353 0.056885 0.173096
