3 0.629150 0.068848 0.024414 0.047363
2 0.691406 0.176636 0.004395 0.005615
3 0.889526 0.104858 0.022217 0.027588
2 0.938477 0.144775 0.003906 0.004883
2 0.812866 0.143799 0.005615 0.011230
0 0.631226 0.099731 0.020264 0.019287
2 0.627197 0.023071 0.028320 0.046143
0 0.631470 0.114990 0.019287 0.017090
0 0.691284 0.170776 0.003662 0.005127
0 0.813110 0.155029 0.006592 0.003418
0 0.812744 0.151245 0.005371 0.002686
0 0.691528 0.180664 0.004150 0.003418
0 0.938354 0.149536 0.004639 0.004150
0 0.937988 0.152954 0.003418 0.002686
