3 0.314575 0.593628 0.024658 0.025635
3 0.543701 0.392578 0.067871 0.067383
3 0.406616 0.582397 0.036377 0.039307
3 0.050293 0.617432 0.030273 0.057129
0 0.272095 0.480225 0.073975 0.015625
0 0.313599 0.574951 0.056396 0.070312
4 0.243286 0.617065 0.026611 0.047119
0 0.272095 0.495239 0.074951 0.015869
3 0.386719 0.496826 0.041992 0.017578
0 0.290649 0.494385 0.011963 0.010254
0 0.482910 0.573608 0.008301 0.020264
0 0.482422 0.532471 0.024902 0.035645
1 0.482666 0.545044 0.021973 0.007568
0 0.270020 0.509521 0.061035 0.014648
0 0.482422 0.524658 0.017090 0.018066
0 0.781982 0.395874 0.040527 0.068115
