3 0.415649 0.645386 0.005615 0.007080
3 0.433838 0.645630 0.004395 0.007080
3 0.388306 0.651489 0.003174 0.006592
3 0.591064 0.641479 0.007812 0.011963
0 0.568848 0.582397 0.011230 0.007568
0 0.798828 0.651367 0.010742 0.017578
0 0.562988 0.623047 0.024902 0.017578
0 0.727539 0.627563 0.011719 0.024658
0 0.554321 0.573975 0.011963 0.007812
1 0.569214 0.608643 0.010986 0.009277
0 0.568726 0.594849 0.011963 0.015869
1 0.554810 0.609009 0.010498 0.009033
0 0.554565 0.583252 0.012451 0.007812
0 0.554688 0.595825 0.015137 0.015869
0 0.563477 0.638062 0.025391 0.013428
