0 0.867065 0.125000 0.044189 0.053223
3 0.232178 0.279419 0.039551 0.069092
0 0.865967 0.170166 0.078613 0.039062
3 0.369019 0.404541 0.011963 0.020508
3 0.866333 0.237671 0.033447 0.061279
0 0.065918 0.378174 0.022461 0.011719
0 0.269775 0.416260 0.010254 0.004883
0 0.066162 0.367676 0.009277 0.011719
0 0.321411 0.427734 0.006104 0.002930
0 0.404419 0.435669 0.003662 0.006592
0 0.393311 0.426758 0.005371 0.009277
0 0.493652 0.401123 0.014160 0.007324
0 0.269653 0.411377 0.002197 0.005371
0 0.472656 0.426025 0.007324 0.003418
0 0.493408 0.413086 0.006348 0.011719
