2 0.630493 0.489014 0.011963 0.020508
2 0.548096 0.510254 0.005859 0.007324
0 0.443237 0.512817 0.006104 0.008057
0 0.928345 0.415161 0.095947 0.032959
0 0.263916 0.457275 0.029785 0.039062
2 0.614868 0.509033 0.004150 0.017578
0 0.773926 0.451050 0.030273 0.038818
0 0.497314 0.524902 0.003418 0.004883
0 0.631592 0.501709 0.007324 0.006348
0 0.522949 0.503906 0.009766 0.002930
0 0.523193 0.507080 0.009766 0.002930
0 0.523071 0.510254 0.010010 0.002930
0 0.522827 0.513916 0.009521 0.002441
0 0.485352 0.525879 0.003418 0.004395
2 0.953125 0.407593 0.007812 0.010010
0 0.478027 0.526245 0.003418 0.005127
