0 0.527100 0.523071 0.010254 0.011963
0 0.494385 0.501465 0.008301 0.004395
0 0.546387 0.134033 0.097168 0.163574
0 0.751221 0.139648 0.100586 0.167480
0 0.549683 0.525269 0.007080 0.005615
3 0.468872 0.465942 0.016357 0.019287
0 0.494629 0.493774 0.008301 0.011475
0 0.486816 0.493530 0.007324 0.006592
0 0.618408 0.502686 0.005371 0.006836
3 0.618652 0.518188 0.006348 0.008545
0 0.920898 0.141357 0.157715 0.161621
0 0.993530 0.164673 0.012451 0.050049
0 0.895020 0.101318 0.031738 0.040527
0 0.668701 0.514404 0.007324 0.020996
0 0.509399 0.526611 0.006592 0.030762
0 0.967407 0.165161 0.035400 0.047119
0 0.714722 0.533936 0.006104 0.015625
3 0.926636 0.163208 0.037354 0.045166
0 0.468628 0.480347 0.015869 0.008545
