0 0.273193 0.432251 0.018066 0.010010
0 0.291504 0.479126 0.022949 0.015381
0 0.290405 0.439941 0.011475 0.007324
0 0.292603 0.448364 0.014893 0.010986
0 0.656250 0.450684 0.009277 0.009277
4 0.674072 0.443848 0.013184 0.015137
2 0.421509 0.232422 0.031982 0.047363
2 0.331421 0.425293 0.035400 0.047852
0 0.294678 0.517944 0.015625 0.028564
0 0.678101 0.531494 0.024170 0.089844
2 0.681519 0.358643 0.054932 0.073730
2 0.511963 0.140991 0.050781 0.072998
0 0.546143 0.482544 0.003906 0.014893
0 0.708618 0.439209 0.019775 0.012695
