2 0.689575 0.248901 0.019287 0.038818
0 0.744995 0.385132 0.009521 0.003174
0 0.739868 0.356934 0.017822 0.006836
0 0.687500 0.291748 0.016113 0.018066
0 0.687988 0.274780 0.016113 0.018311
0 0.671753 0.276978 0.014893 0.019775
0 0.480469 0.391113 0.003418 0.005371
4 0.463745 0.380737 0.014893 0.017334
0 0.463623 0.392700 0.006348 0.003662
0 0.747070 0.391357 0.005371 0.007324
3 0.725342 0.368652 0.006348 0.011230
0 0.724121 0.380249 0.007812 0.006592
3 0.769775 0.375488 0.010254 0.013672
0 0.882202 0.399292 0.005127 0.003662
0 0.881226 0.390381 0.007080 0.008789
3 0.671387 0.253052 0.017090 0.032471
