3 0.015381 0.375000 0.018555 0.020996
0 0.550415 0.487427 0.014893 0.008545
0 0.029419 0.394287 0.008545 0.005371
0 0.586182 0.485718 0.014648 0.009033
0 0.567993 0.523193 0.014893 0.009766
0 0.586426 0.469482 0.013672 0.020508
0 0.568115 0.507202 0.014160 0.020752
0 0.532593 0.524902 0.015869 0.009766
0 0.584961 0.521973 0.014648 0.009766
0 0.550049 0.524048 0.015137 0.008057
0 0.550659 0.471069 0.015869 0.021729
4 0.533203 0.509033 0.015625 0.020996
0 0.550049 0.508057 0.014160 0.020508
3 0.069214 0.415894 0.011475 0.012939
3 0.029297 0.385986 0.010742 0.010742
3 0.013916 0.397217 0.017090 0.022461
3 0.586060 0.505737 0.012451 0.019775
0 0.568359 0.470947 0.015137 0.020020
0 0.568604 0.486694 0.014648 0.009521
