3 0.625854 0.531372 0.013428 0.017334
3 0.536255 0.531250 0.012451 0.017090
2 0.612427 0.531738 0.012451 0.017578
3 0.549194 0.531006 0.012939 0.017090
0 0.762085 0.596313 0.010986 0.027588
2 0.177612 0.565063 0.010498 0.015381
2 0.562378 0.531006 0.012939 0.017578
0 0.587158 0.570312 0.020020 0.020996
0 0.895142 0.516968 0.052490 0.089111
0 0.513062 0.606079 0.003662 0.007568
0 0.554565 0.597168 0.007568 0.012695
0 0.502930 0.601685 0.009766 0.008057
0 0.558350 0.572754 0.010254 0.006836
0 0.587280 0.550049 0.020264 0.020020
