0 0.756836 0.429443 0.015137 0.016602
0 0.307983 0.609863 0.002686 0.008789
0 0.140625 0.603394 0.002930 0.010010
0 0.348999 0.592651 0.005615 0.020264
0 0.853027 0.488281 0.007324 0.013672
3 0.842041 0.490601 0.009766 0.015381
0 0.576050 0.548096 0.002686 0.007812
0 0.539307 0.567505 0.002441 0.009033
0 0.525635 0.555542 0.003418 0.009521
0 0.458496 0.566528 0.003906 0.012451
0 0.713257 0.514404 0.003662 0.004883
0 0.534302 0.538574 0.004639 0.012695
0 0.719116 0.495361 0.015869 0.032715
1 0.759521 0.470093 0.016602 0.019775
1 0.740845 0.473267 0.016357 0.018311
0 0.757690 0.448120 0.020752 0.029053
0 0.738770 0.452271 0.018555 0.026123
0 0.737671 0.432495 0.015869 0.015869
0 0.769775 0.499634 0.003906 0.004639
0 0.769287 0.490234 0.015625 0.014648
