3 0.020752 0.501587 0.002930 0.006592
0 0.863281 0.488403 0.008301 0.009521
0 0.404663 0.491089 0.002197 0.002686
0 0.956665 0.493042 0.002686 0.004150
0 0.515259 0.496216 0.001709 0.003662
3 0.498779 0.497192 0.001465 0.003662
0 0.863159 0.571167 0.004150 0.029541
0 0.196777 0.565796 0.010254 0.030029
0 0.087036 0.535645 0.017822 0.035645
0 0.957886 0.509888 0.002686 0.003662
0 0.081787 0.566040 0.004883 0.026123
2 0.906250 0.505737 0.006348 0.015869
2 0.107666 0.500977 0.012207 0.030273
2 0.086182 0.535645 0.001953 0.003906
3 0.958252 0.504395 0.003906 0.008301
0 0.812256 0.477295 0.002930 0.004395
0 0.195801 0.485596 0.006836 0.032715
