0 0.512573 0.528442 0.013428 0.020752
0 0.500122 0.574463 0.002686 0.007812
0 0.328613 0.524048 0.018555 0.040771
3 0.404541 0.567383 0.005371 0.006836
0 0.403931 0.561890 0.005127 0.004639
0 0.350464 0.556152 0.004639 0.009277
0 0.409668 0.562988 0.004395 0.007324
0 0.080078 0.520386 0.017578 0.019775
0 0.438599 0.559448 0.002686 0.005127
0 0.561401 0.521851 0.012451 0.030029
4 0.709839 0.520386 0.059814 0.069092
3 0.560547 0.515625 0.011230 0.015625
0 0.512817 0.541992 0.013428 0.007324
0 0.530518 0.539673 0.011230 0.009033
0 0.298706 0.559082 0.010010 0.002930
0 0.418945 0.561890 0.002930 0.007568
2 0.328613 0.516602 0.014648 0.019043
0 0.403931 0.555908 0.005615 0.006348
