3 0.585205 0.269165 0.075684 0.090576
0 0.395508 0.308472 0.009277 0.010010
0 0.082275 0.366211 0.013672 0.009277
0 0.684692 0.345825 0.004150 0.009033
0 0.690186 0.316406 0.025391 0.021973
2 0.681885 0.312866 0.003906 0.010010
0 0.690308 0.341675 0.026611 0.022217
2 0.684937 0.336914 0.004639 0.009277
0 0.963867 0.280762 0.031250 0.027344
0 0.412231 0.293335 0.025635 0.013916
0 0.959595 0.309692 0.021729 0.030029
3 0.199829 0.375488 0.010986 0.012695
0 0.584229 0.204834 0.038086 0.039062
3 0.285278 0.371216 0.005127 0.011475
3 0.198975 0.361328 0.015137 0.015625
3 0.396729 0.354126 0.032715 0.042236
3 0.153931 0.415039 0.006592 0.016113
3 0.421509 0.445068 0.021240 0.032227
0 0.137695 0.357666 0.016602 0.005371
0 0.273315 0.377808 0.002686 0.004150
