0 0.811768 0.488159 0.028809 0.048584
4 0.606201 0.640503 0.010742 0.019287
0 0.523071 0.648560 0.005127 0.009521
2 0.617798 0.614502 0.007080 0.012695
4 0.508911 0.619995 0.010986 0.019775
0 0.605957 0.622192 0.008301 0.014404
0 0.650513 0.607056 0.015381 0.042236
0 0.813721 0.512817 0.043457 0.109131
0 0.558716 0.670898 0.015381 0.015137
3 0.409790 0.637695 0.006592 0.011719
4 0.525757 0.654541 0.005615 0.010742
3 0.650024 0.598877 0.010986 0.019531
0 0.553101 0.668701 0.002686 0.005859
0 0.553589 0.647705 0.004150 0.010742
0 0.618042 0.620239 0.010986 0.029053
