3 0.664185 0.427246 0.013428 0.021484
0 0.952393 0.428345 0.018555 0.022217
0 0.954346 0.353638 0.015625 0.013428
0 0.929321 0.411255 0.017822 0.010986
1 0.930420 0.398315 0.016113 0.013916
1 0.953491 0.365967 0.017334 0.011230
0 0.385376 0.430420 0.011963 0.011230
2 0.929565 0.426514 0.020752 0.021484
0 0.952271 0.411865 0.018311 0.010742
0 0.930542 0.381714 0.017822 0.020264
1 0.952515 0.398926 0.016357 0.012695
0 0.955322 0.336426 0.018066 0.020508
0 0.953369 0.382446 0.018066 0.020264
0 0.931641 0.365723 0.017578 0.011230
0 0.956421 0.320557 0.018799 0.011230
0 0.890869 0.470215 0.010742 0.012207
0 0.890747 0.461182 0.010010 0.006348
0 0.882935 0.489258 0.018799 0.006348
3 0.878174 0.468750 0.011230 0.016602
0 0.378052 0.442871 0.020752 0.010742
3 0.950684 0.445801 0.015625 0.013184
3 0.927979 0.444580 0.016113 0.012695
3 0.932861 0.338623 0.019043 0.026367
3 0.937988 0.487915 0.018555 0.026611
0 0.532715 0.485229 0.006836 0.013916
0 0.672363 0.427490 0.002930 0.022461
