0 0.544189 0.674072 0.005371 0.007324
0 0.446899 0.643555 0.024170 0.028809
1 0.346313 0.704346 0.010010 0.013184
0 0.543701 0.648071 0.015625 0.005615
0 0.565552 0.643799 0.016357 0.005371
1 0.689819 0.731201 0.027588 0.038574
0 0.543823 0.643311 0.015381 0.004395
0 0.565186 0.639038 0.013184 0.004150
0 0.533691 0.664673 0.002930 0.006104
0 0.611328 0.667725 0.003906 0.005859
1 0.116211 0.712158 0.004395 0.008301
0 0.543945 0.635742 0.016602 0.004395
1 0.277100 0.698242 0.006836 0.008789
0 0.111328 0.712769 0.004883 0.009521
