3 0.541016 0.562378 0.033691 0.068115
4 0.321899 0.607056 0.007568 0.008545
0 0.421509 0.578735 0.008545 0.006104
0 0.217407 0.260620 0.057373 0.074951
3 0.420654 0.597534 0.007324 0.007568
0 0.420898 0.587646 0.008789 0.011230
0 0.430298 0.588867 0.008545 0.011719
0 0.328857 0.615479 0.005371 0.006348
0 0.544312 0.414917 0.049561 0.068604
1 0.430176 0.598389 0.007812 0.006348
0 0.328735 0.609009 0.005127 0.003174
0 0.301514 0.620605 0.003906 0.004395
0 0.410522 0.589478 0.010498 0.003662
0 0.430542 0.579224 0.008545 0.006104
