0 0.534302 0.596191 0.007568 0.003418
0 0.513184 0.616821 0.002930 0.009521
0 0.512329 0.607544 0.003174 0.008545
2 0.936401 0.271851 0.047119 0.064697
2 0.276245 0.533569 0.012939 0.016846
2 0.276123 0.537476 0.016602 0.027588
2 0.936035 0.287842 0.056641 0.105957
0 0.104492 0.389526 0.020508 0.024658
3 0.501587 0.593750 0.007080 0.009277
1 0.500488 0.580933 0.008789 0.011475
3 0.500244 0.566772 0.011719 0.015869
0 0.498657 0.602173 0.004639 0.006592
3 0.489136 0.574341 0.009033 0.011475
0 0.473267 0.602295 0.004639 0.008301
2 0.473267 0.595825 0.004639 0.005615
0 0.367188 0.625854 0.003418 0.008057
3 0.398438 0.609497 0.005859 0.008057
0 0.399048 0.622314 0.004639 0.009277
0 0.331909 0.555908 0.029053 0.019531
1 0.364258 0.566162 0.009277 0.011230
0 0.364380 0.552368 0.011475 0.014893
3 0.364746 0.538818 0.008789 0.011230
3 0.095093 0.600830 0.009033 0.010742
0 0.088623 0.600342 0.006836 0.010254
