3 0.939087 0.500000 0.032959 0.039551
0 0.859741 0.517090 0.042236 0.022461
0 0.518066 0.578979 0.005859 0.007568
0 0.563477 0.560913 0.037598 0.021729
0 0.644531 0.546387 0.006348 0.009277
0 0.846924 0.517700 0.010742 0.012939
0 0.691650 0.546997 0.006836 0.010986
0 0.541382 0.566528 0.007080 0.006592
0 0.545776 0.526123 0.010498 0.017578
3 0.463257 0.496826 0.011963 0.018066
0 0.541992 0.557251 0.007324 0.011963
0 0.854736 0.410156 0.082520 0.055176
0 0.753662 0.544678 0.008789 0.018555
3 0.462036 0.551880 0.021729 0.026123
0 0.462769 0.505371 0.013428 0.037598
0 0.665405 0.516602 0.045654 0.027832
3 0.545776 0.522461 0.007568 0.009277
3 0.555664 0.522827 0.007324 0.010498
3 0.866455 0.557373 0.006836 0.009277
0 0.776367 0.545410 0.037109 0.020996
0 0.555298 0.525757 0.009521 0.018311
