4 0.506836 0.802246 0.016113 0.027344
3 0.507080 0.831177 0.016602 0.029053
2 0.271484 0.791870 0.008301 0.010986
2 0.445679 0.784180 0.008057 0.011230
3 0.453369 0.775024 0.006348 0.009033
3 0.453247 0.785767 0.007080 0.010498
2 0.318481 0.798706 0.005127 0.007080
0 0.424805 0.804077 0.005859 0.006104
0 0.474487 0.830688 0.013916 0.047119
0 0.492798 0.788818 0.003662 0.006836
0 0.428467 0.792847 0.005371 0.006592
0 0.425537 0.810303 0.004883 0.006348
0 0.488647 0.808838 0.003662 0.012207
0 0.752197 0.691040 0.022461 0.012939
0 0.492554 0.780884 0.002686 0.005127
0 0.453735 0.823608 0.008057 0.035400
