0 0.350952 0.260620 0.004150 0.008545
0 0.581177 0.265381 0.003174 0.011719
0 0.611694 0.269165 0.006104 0.014893
3 0.515503 0.269165 0.004639 0.011475
0 0.352173 0.285034 0.007568 0.010010
0 0.350708 0.263794 0.007080 0.021240
0 0.515625 0.277222 0.002930 0.003662
0 0.119263 0.282837 0.004150 0.014893
0 0.186157 0.276489 0.004639 0.012451
0 0.907349 0.264282 0.003174 0.007080
0 0.136719 0.290649 0.005371 0.014404
0 0.117798 0.266357 0.005127 0.016113
0 0.136475 0.288208 0.002441 0.006104
0 0.117676 0.264282 0.002441 0.008057
0 0.976196 0.264526 0.002686 0.007568
0 0.186646 0.274292 0.002197 0.005127
0 0.119019 0.279175 0.003174 0.005615
