1 0.091309 0.580078 0.039551 0.056152
1 0.460449 0.602295 0.010254 0.015625
0 0.632324 0.587158 0.013184 0.018066
0 0.633301 0.604858 0.013672 0.017334
1 0.533447 0.607300 0.005371 0.008545
1 0.543213 0.608643 0.003906 0.006836
0 0.632080 0.575928 0.014160 0.007324
0 0.605225 0.603394 0.009277 0.009521
0 0.649536 0.610962 0.008057 0.005615
0 0.632568 0.584106 0.006836 0.009521
1 0.519043 0.606689 0.006348 0.010254
0 0.633301 0.601685 0.006836 0.009033
1 0.381226 0.598511 0.016357 0.024658
4 0.950806 0.565674 0.097900 0.119629
4 0.648804 0.601318 0.009521 0.012695
1 0.498169 0.606201 0.007080 0.011719
0 0.617310 0.603638 0.012939 0.012451
