0 0.530640 0.421387 0.017822 0.022461
0 0.725098 0.535034 0.014160 0.013428
1 0.725952 0.546265 0.009033 0.009521
0 0.735107 0.534424 0.035645 0.027832
0 0.747070 0.530029 0.007324 0.008789
0 0.724121 0.525757 0.011719 0.008057
0 0.546875 0.435181 0.059570 0.071045
0 0.780884 0.509399 0.059814 0.027588
0 0.730469 0.556763 0.006836 0.012939
0 0.736938 0.504028 0.006592 0.007080
0 0.611328 0.422119 0.072266 0.087402
0 0.594604 0.416870 0.016846 0.021729
0 0.781494 0.537354 0.059082 0.029785
0 0.736206 0.507568 0.030518 0.029297
3 0.710327 0.529541 0.016357 0.021484
0 0.625854 0.413818 0.017822 0.022461
0 0.779297 0.485352 0.061035 0.027832
