3 0.254639 0.617432 0.005859 0.010254
0 0.632446 0.540161 0.025635 0.044189
3 0.629028 0.441772 0.025146 0.043213
4 0.470581 0.595947 0.014893 0.034180
0 0.406738 0.572021 0.010742 0.009766
0 0.475342 0.632324 0.003418 0.009277
0 0.635132 0.610229 0.014404 0.085205
0 0.631104 0.502075 0.028320 0.018799
0 0.254395 0.631348 0.005371 0.009277
0 0.630371 0.477539 0.028320 0.020020
0 0.470703 0.624268 0.002930 0.018555
0 0.475342 0.630249 0.002930 0.005127
0 0.117554 0.619385 0.005127 0.006836
0 0.117676 0.634888 0.004395 0.006592
0 0.117798 0.629517 0.005127 0.003174
0 0.117676 0.626099 0.005371 0.004150
