0 0.488037 0.665527 0.004395 0.007812
0 0.523071 0.196289 0.255127 0.188965
0 0.260132 0.130493 0.219971 0.260986
0 0.260132 0.682495 0.004639 0.019775
0 0.273315 0.677246 0.007080 0.003906
0 0.284790 0.677856 0.006592 0.003662
0 0.296509 0.678345 0.006104 0.003174
0 0.307373 0.678467 0.007324 0.003906
0 0.351196 0.680786 0.006104 0.005127
0 0.362427 0.681030 0.006104 0.004639
0 0.372925 0.681519 0.006592 0.004150
3 0.566162 0.675781 0.005859 0.008789
0 0.565796 0.682495 0.004150 0.006104
0 0.599609 0.676758 0.006836 0.009766
0 0.624634 0.664795 0.007568 0.012695
3 0.624634 0.678467 0.010986 0.015137
0 0.318848 0.679321 0.006836 0.004150
0 0.329712 0.679810 0.007080 0.003662
0 0.340820 0.680420 0.006836 0.004395
0 0.368164 0.694702 0.005371 0.007568
0 0.384155 0.681152 0.009033 0.004883
0 0.790771 0.221069 0.220215 0.162354
0 0.590942 0.683472 0.003662 0.019775
