0 0.047974 0.658691 0.040771 0.018555
0 0.211914 0.759766 0.016113 0.008301
0 0.262085 0.747559 0.016357 0.012695
0 0.259155 0.760132 0.015381 0.016357
0 0.393066 0.743774 0.015625 0.034424
0 0.353027 0.729370 0.055176 0.020264
0 0.274536 0.744873 0.018799 0.033691
0 0.335083 0.729614 0.012451 0.020264
0 0.056274 0.639893 0.016846 0.013184
0 0.448486 0.756470 0.014160 0.008057
0 0.074219 0.660522 0.012207 0.019287
0 0.326050 0.663086 0.010010 0.019043
0 0.396118 0.730713 0.030518 0.019531
0 0.309204 0.643311 0.015381 0.014160
0 0.302246 0.661987 0.036621 0.017334
0 0.083618 0.731201 0.014404 0.020508
0 0.147095 0.747314 0.015869 0.033691
