1 0.788818 0.372681 0.008301 0.013428
1 0.942993 0.336426 0.013916 0.020996
3 0.557617 0.343872 0.017090 0.021729
1 0.648682 0.392578 0.004883 0.009277
3 0.342285 0.303955 0.021973 0.033203
3 0.288574 0.312256 0.019531 0.029297
3 0.556274 0.317749 0.018799 0.024658
3 0.314819 0.307617 0.021240 0.031738
0 0.560181 0.393066 0.038818 0.020508
1 0.523071 0.409790 0.003662 0.007568
3 0.559082 0.370850 0.018555 0.023926
0 0.344116 0.343018 0.021729 0.032227
3 0.290527 0.350220 0.019531 0.029541
0 0.321533 0.393921 0.087402 0.049072
0 0.316650 0.346802 0.020996 0.030518
0 0.315430 0.305298 0.095215 0.141846
