4 0.119507 0.460571 0.032471 0.048584
0 0.466919 0.557739 0.004150 0.006592
0 0.526001 0.550903 0.043701 0.018311
3 0.490723 0.558228 0.003906 0.007568
3 0.458740 0.558105 0.003418 0.005859
0 0.525146 0.537231 0.043457 0.010010
1 0.119385 0.489502 0.019531 0.016113
1 0.621460 0.471558 0.016357 0.012939
0 0.524780 0.510742 0.043701 0.038086
3 0.490356 0.549927 0.005127 0.008545
3 0.428955 0.552856 0.005371 0.007568
4 0.621826 0.443726 0.026855 0.043701
2 0.466919 0.565308 0.003662 0.007568
2 0.519165 0.525513 0.004150 0.007568
