4 0.386108 0.601196 0.017822 0.021240
3 0.675293 0.598145 0.005371 0.008789
0 0.915771 0.537231 0.022949 0.040771
3 0.650513 0.598145 0.006104 0.006348
3 0.674561 0.578003 0.006348 0.009033
3 0.650879 0.615723 0.004883 0.007812
3 0.914429 0.575928 0.022217 0.039062
4 0.605103 0.600586 0.017334 0.022949
1 0.605591 0.616455 0.009033 0.008301
0 0.651123 0.618530 0.006836 0.013916
0 0.674683 0.583496 0.010498 0.020508
0 0.655640 0.590210 0.009033 0.005615
1 0.385986 0.615845 0.008301 0.008057
3 0.918213 0.499268 0.021973 0.037109
3 0.676270 0.619507 0.007812 0.016357
0 0.675171 0.600952 0.007568 0.015869
1 0.675537 0.610107 0.009277 0.003906
0 0.658691 0.586548 0.015137 0.007080
