0 0.570435 0.582764 0.014404 0.017090
0 0.543091 0.580444 0.014893 0.017334
0 0.750000 0.692261 0.010742 0.018311
0 0.158569 0.520142 0.038330 0.066650
0 0.581299 0.703857 0.020996 0.044434
0 0.805054 0.647949 0.037842 0.045410
3 0.653687 0.584961 0.014893 0.017578
3 0.666138 0.715942 0.008545 0.012451
3 0.625732 0.584106 0.014648 0.017822
0 0.515625 0.579224 0.014160 0.016846
0 0.398682 0.537964 0.135742 0.048584
0 0.578125 0.533569 0.204590 0.073975
0 0.254761 0.533447 0.138428 0.046875
3 0.157837 0.529541 0.029053 0.037109
0 0.558472 0.536621 0.014893 0.018555
3 0.598267 0.583618 0.013916 0.016846
0 0.697021 0.710693 0.012695 0.018555
