3 0.897583 0.514282 0.021240 0.026611
0 0.723755 0.615112 0.019775 0.021240
0 0.745605 0.610718 0.013672 0.016357
0 0.868652 0.551147 0.109375 0.168213
0 0.745850 0.624634 0.011719 0.010498
2 0.835938 0.551880 0.024414 0.023682
0 0.833496 0.518799 0.024414 0.024414
0 0.831421 0.490967 0.023682 0.019043
0 0.711670 0.616699 0.015137 0.020020
3 0.903442 0.613892 0.021729 0.025635
2 0.837646 0.583496 0.023926 0.029785
2 0.839600 0.616089 0.023438 0.029053
3 0.869385 0.549683 0.022461 0.025635
3 0.872070 0.582520 0.021973 0.025879
3 0.901245 0.580566 0.022705 0.026367
3 0.899048 0.548096 0.021240 0.025879
3 0.867920 0.516968 0.021484 0.025635
0 0.873535 0.615356 0.021484 0.024658
0 0.726807 0.620728 0.014160 0.011475
