0 0.461426 0.463379 0.033691 0.031250
0 0.666504 0.497925 0.003418 0.008057
0 0.554443 0.506226 0.004883 0.009521
1 0.522827 0.515503 0.002686 0.006592
0 0.517212 0.458252 0.006104 0.007324
0 0.425537 0.459473 0.005859 0.007812
0 0.501831 0.458618 0.005615 0.008057
0 0.461182 0.453369 0.007324 0.007324
0 0.185425 0.499390 0.004150 0.014404
0 0.399048 0.508545 0.005615 0.010254
0 0.621094 0.479736 0.026855 0.035156
0 0.530396 0.490967 0.016846 0.005371
2 0.503052 0.448242 0.005127 0.006348
0 0.216797 0.492554 0.025391 0.035400
0 0.476318 0.494019 0.006836 0.009033
0 0.512329 0.493164 0.014893 0.014160
0 0.487183 0.494507 0.013916 0.013428
4 0.550049 0.510620 0.003906 0.004639
0 0.514526 0.464355 0.033447 0.041992
0 0.431519 0.463745 0.022217 0.020752
4 0.458496 0.507080 0.004395 0.005371
0 0.502808 0.491577 0.004150 0.010010
1 0.491699 0.518799 0.004395 0.010254
