0 0.390625 0.487671 0.008301 0.007080
0 0.279785 0.483887 0.009766 0.009766
3 0.390991 0.477051 0.010498 0.014160
3 0.280029 0.469849 0.012695 0.018311
0 0.390747 0.502686 0.010498 0.021484
0 0.279907 0.504028 0.012451 0.028076
0 0.268921 0.511719 0.006104 0.002930
0 0.269043 0.506836 0.009277 0.004395
0 0.222046 0.470215 0.004639 0.014648
0 0.222412 0.482422 0.003418 0.008789
0 0.267944 0.491333 0.012451 0.005127
0 0.267700 0.501465 0.013428 0.006836
0 0.221924 0.500000 0.005371 0.023438
0 0.267944 0.496094 0.006104 0.004395
