3 0.597534 0.666626 0.010010 0.011963
1 0.493042 0.682129 0.009521 0.017578
2 0.509277 0.640625 0.014648 0.015625
1 0.468872 0.673950 0.015869 0.012451
1 0.528076 0.683838 0.013184 0.025391
4 0.540527 0.666626 0.008789 0.010986
4 0.401733 0.661133 0.009521 0.012695
1 0.448364 0.686035 0.007080 0.012695
0 0.416260 0.660645 0.007812 0.008301
0 0.416138 0.667847 0.007080 0.005615
0 0.597656 0.675903 0.006348 0.007568
3 0.508667 0.653931 0.008057 0.008545
0 0.386475 0.660889 0.004395 0.006836
0 0.386108 0.670898 0.005127 0.011230
