4 0.581543 0.533325 0.030762 0.047119
0 0.289551 0.544922 0.001953 0.003906
0 0.388184 0.544800 0.001953 0.004639
0 0.402222 0.545288 0.002197 0.004150
0 0.449707 0.563599 0.003906 0.006592
0 0.440430 0.562256 0.003906 0.008301
0 0.488892 0.533325 0.006104 0.012451
0 0.269653 0.546387 0.001709 0.003418
0 0.359253 0.544312 0.002197 0.003174
0 0.512939 0.579224 0.010254 0.045654
0 0.511841 0.536133 0.003174 0.006836
0 0.478882 0.539673 0.006104 0.011475
3 0.372437 0.546021 0.006104 0.011963
2 0.540649 0.442017 0.004639 0.014404
4 0.581909 0.484253 0.028564 0.048584
3 0.479126 0.552246 0.006104 0.011719
0 0.307861 0.544556 0.001953 0.004150
0 0.445190 0.562988 0.003662 0.005859
