3 0.199097 0.284790 0.049072 0.080811
0 0.083984 0.055786 0.123535 0.111572
0 0.403320 0.462280 0.039062 0.045654
2 0.483887 0.532227 0.010742 0.018066
3 0.198242 0.132324 0.044434 0.073730
0 0.484131 0.551025 0.010254 0.018066
0 0.305542 0.058594 0.111572 0.117188
0 0.199951 0.441895 0.037598 0.118164
0 0.380981 0.511841 0.017334 0.015381
0 0.411743 0.548828 0.003174 0.010254
0 0.401245 0.549438 0.004150 0.006104
0 0.198120 0.156006 0.060303 0.149414
0 0.401367 0.556152 0.003906 0.006836
0 0.199707 0.306763 0.061523 0.149170
