3 0.469727 0.529175 0.008301 0.011475
3 0.549561 0.513428 0.010742 0.013672
0 0.523682 0.529785 0.003418 0.004883
2 0.469482 0.517578 0.007812 0.010254
3 0.549561 0.526855 0.008301 0.011230
0 0.544189 0.528564 0.003418 0.002441
0 0.490234 0.529053 0.003906 0.005859
0 0.323730 0.527466 0.002441 0.005615
0 0.322754 0.534546 0.001953 0.008057
0 0.521484 0.543213 0.003418 0.005371
0 0.561279 0.529663 0.003906 0.005615
0 0.488037 0.531006 0.003418 0.007324
0 0.452759 0.533569 0.003662 0.004639
0 0.608521 0.544556 0.002197 0.010498
0 0.369995 0.531006 0.001221 0.005859
