3 0.730347 0.530762 0.021240 0.037598
3 0.958862 0.529297 0.026123 0.039551
3 0.874512 0.569824 0.010742 0.018066
0 0.657349 0.527222 0.036865 0.068604
3 0.773926 0.569946 0.010742 0.016357
4 0.730835 0.491699 0.024658 0.037109
3 0.785156 0.567139 0.006836 0.010254
3 0.835571 0.592041 0.005615 0.011719
3 0.860352 0.567993 0.007324 0.011963
0 0.860718 0.582153 0.007568 0.012451
4 0.958618 0.485718 0.030029 0.040283
1 0.822021 0.602539 0.012207 0.012207
0 0.785522 0.580811 0.006104 0.012695
0 0.782593 0.575806 0.010986 0.014404
