3 0.192749 0.449463 0.006592 0.011230
0 0.430176 0.431885 0.012207 0.021484
3 0.912109 0.551636 0.009766 0.028564
0 0.915771 0.521362 0.007812 0.028564
0 0.451660 0.442993 0.005371 0.002197
1 0.429443 0.446655 0.007324 0.007568
0 0.506836 0.444580 0.002930 0.006836
0 0.451172 0.438965 0.004883 0.002930
0 0.796509 0.532349 0.004150 0.009033
0 0.176758 0.434204 0.003906 0.006592
0 0.180908 0.414062 0.006348 0.004395
0 0.176514 0.424072 0.007812 0.013672
1 0.290771 0.443848 0.009277 0.010254
0 0.513916 0.384521 0.014160 0.028320
0 0.796509 0.522339 0.004150 0.010010
