3 0.275757 0.515747 0.005127 0.019775
0 0.101562 0.505127 0.008789 0.006348
0 0.171143 0.511230 0.002441 0.007324
2 0.623535 0.479370 0.001953 0.007568
0 0.623413 0.468262 0.001709 0.007324
0 0.101440 0.511230 0.009033 0.006348
2 0.622559 0.458130 0.002441 0.007080
0 0.176758 0.514038 0.005859 0.003662
0 0.908447 0.511841 0.001953 0.010498
0 0.618530 0.478760 0.014404 0.011719
0 0.172607 0.543335 0.006836 0.024170
3 0.042603 0.503784 0.002686 0.005615
2 0.171387 0.510010 0.001953 0.004883
0 0.176758 0.508179 0.005859 0.008057
2 0.045532 0.500610 0.003174 0.006104
4 0.276001 0.494629 0.007568 0.022461
3 0.908447 0.510010 0.001465 0.004883
3 0.172607 0.538574 0.004883 0.011719
4 0.617920 0.500610 0.010742 0.028076
2 0.102905 0.511353 0.001709 0.003662
0 0.104126 0.505493 0.003174 0.004639
0 0.617798 0.505981 0.011963 0.042236
