0 0.933472 0.720215 0.005615 0.010742
3 0.924194 0.449585 0.022217 0.019287
4 0.589966 0.718262 0.007080 0.009766
2 0.922241 0.423340 0.024658 0.030762
0 0.928589 0.491211 0.054443 0.059570
4 0.599731 0.721191 0.010986 0.015137
0 0.070190 0.591553 0.033447 0.057617
0 0.590454 0.724243 0.004150 0.003662
0 0.582153 0.709229 0.006592 0.008301
0 0.066406 0.579712 0.006836 0.014893
1 0.600464 0.730713 0.006104 0.004395
0 0.582520 0.715454 0.005859 0.004150
0 0.930786 0.529785 0.047119 0.019531
0 0.059326 0.601440 0.006836 0.014893
