0 0.619019 0.485107 0.010010 0.002930
0 0.797607 0.457764 0.027344 0.032715
0 0.600342 0.480469 0.015137 0.007324
0 0.612061 0.480957 0.007812 0.006348
0 0.582642 0.439819 0.039307 0.047119
0 0.791992 0.461792 0.003906 0.009033
0 0.593262 0.445923 0.011230 0.003662
0 0.574097 0.445557 0.006104 0.012695
0 0.803223 0.451538 0.006836 0.003662
0 0.582275 0.445923 0.004883 0.006104
0 0.590088 0.430786 0.009277 0.004150
0 0.796997 0.462769 0.004150 0.005127
0 0.576538 0.430664 0.012451 0.005859
0 0.793945 0.451172 0.009277 0.005371
