3 0.514038 0.707642 0.015381 0.021729
3 0.080811 0.645264 0.090332 0.101562
3 0.844604 0.758545 0.010986 0.015625
3 0.720703 0.722778 0.007324 0.025635
0 0.131958 0.693359 0.025635 0.019043
0 0.512695 0.728027 0.047363 0.016113
0 0.946655 0.716553 0.031982 0.014160
0 0.826416 0.747314 0.010254 0.014160
3 0.979004 0.667969 0.041504 0.105957
0 0.720581 0.745850 0.018311 0.015137
0 0.105957 0.700439 0.030273 0.020020
0 0.952515 0.762573 0.012939 0.015869
0 0.103638 0.720337 0.030518 0.016846
0 0.948608 0.745117 0.030029 0.013672
0 0.947876 0.730713 0.031494 0.013672
