0 0.479126 0.677246 0.003174 0.006348
0 0.239746 0.519897 0.128906 0.093506
3 0.475464 0.443237 0.026123 0.033936
0 0.011963 0.639038 0.023926 0.010010
0 0.495728 0.667725 0.005615 0.002930
0 0.456055 0.675903 0.021973 0.014404
3 0.705811 0.441528 0.029297 0.037842
0 0.681763 0.649780 0.026123 0.024170
4 0.363647 0.644043 0.008057 0.009766
0 0.233398 0.514404 0.022949 0.036621
0 0.029419 0.591553 0.005615 0.016602
0 0.411499 0.637329 0.005127 0.006592
0 0.006836 0.649658 0.013672 0.009277
0 0.405029 0.636719 0.006348 0.007324
0 0.368408 0.656372 0.003418 0.004639
