1 0.190796 0.582886 0.012939 0.013428
4 0.466797 0.588989 0.021484 0.027100
0 0.147217 0.513550 0.083984 0.036377
0 0.420532 0.591064 0.006592 0.010742
0 0.404907 0.590332 0.008057 0.011230
0 0.366455 0.596313 0.013672 0.007568
0 0.392700 0.590210 0.006104 0.010986
0 0.351440 0.596191 0.014404 0.007324
4 0.428223 0.607544 0.004395 0.006592
0 0.191406 0.572266 0.012207 0.008301
0 0.176514 0.502075 0.024902 0.009521
3 0.545898 0.557373 0.009277 0.021973
0 0.381348 0.605347 0.009277 0.005615
0 0.338745 0.600342 0.005615 0.008789
0 0.190796 0.578979 0.013428 0.021729
