0 0.714355 0.391113 0.024414 0.076172
4 0.481934 0.455566 0.005859 0.007324
4 0.540527 0.436401 0.015625 0.021240
0 0.540527 0.449585 0.009277 0.006592
1 0.481934 0.460449 0.003418 0.002930
0 0.460815 0.460327 0.002686 0.005127
0 0.472900 0.453735 0.004395 0.006592
0 0.477661 0.462891 0.002686 0.009277
3 0.242798 0.446899 0.004639 0.011963
0 0.516357 0.464478 0.002930 0.006104
0 0.242554 0.437866 0.007568 0.005615
0 0.516357 0.446411 0.004395 0.015381
0 0.714600 0.360352 0.023438 0.013672
0 0.714722 0.418091 0.023682 0.020264
3 0.714355 0.387939 0.022949 0.040039
