3 0.387451 0.701660 0.014648 0.027344
0 0.829346 0.758545 0.013672 0.034668
0 0.570435 0.771362 0.004150 0.007568
3 0.406372 0.696899 0.008545 0.019775
4 0.854492 0.801880 0.010254 0.022705
0 0.854858 0.824707 0.010010 0.022949
0 0.928955 0.793213 0.004883 0.013672
0 0.927734 0.777100 0.011719 0.018555
0 0.835083 0.780396 0.010010 0.021240
0 0.542847 0.743164 0.030029 0.016113
3 0.827515 0.727173 0.013916 0.028076
0 0.515869 0.741089 0.020020 0.017822
3 0.020996 0.554932 0.013184 0.032715
3 0.404541 0.720215 0.008301 0.026367
0 0.265869 0.691406 0.002441 0.008789
0 0.408081 0.726440 0.003174 0.010010
