3 0.805420 0.479370 0.011719 0.013916
0 0.568115 0.587769 0.010254 0.008057
0 0.317749 0.502197 0.008545 0.011719
0 0.804565 0.489258 0.010498 0.006348
0 0.091675 0.512573 0.015869 0.053955
0 0.484253 0.571045 0.004150 0.005859
0 0.704834 0.560669 0.006348 0.015869
0 0.021729 0.445068 0.026855 0.091797
0 0.162109 0.529419 0.013184 0.008545
0 0.176636 0.264648 0.024170 0.028320
0 0.704102 0.542603 0.005859 0.012451
0 0.181274 0.253784 0.156494 0.158447
0 0.860962 0.499634 0.029053 0.039307
0 0.320190 0.494751 0.042236 0.037842
0 0.148315 0.246826 0.025635 0.029297
3 0.162231 0.518433 0.012451 0.016357
0 0.477783 0.574707 0.004395 0.005859
0 0.477905 0.568726 0.004150 0.006104
