3 0.735352 0.537720 0.039551 0.052490
0 0.428589 0.547852 0.006592 0.016113
0 0.454346 0.555176 0.007812 0.004883
0 0.359131 0.522583 0.003906 0.004150
0 0.359131 0.541992 0.007324 0.005371
0 0.333374 0.553223 0.004150 0.003418
0 0.359375 0.536499 0.006836 0.005615
0 0.359131 0.546387 0.005859 0.003418
3 0.527344 0.545654 0.006836 0.012207
0 0.333130 0.548828 0.010498 0.003418
1 0.444214 0.555176 0.003662 0.005859
0 0.428345 0.544800 0.004150 0.005615
3 0.528076 0.533936 0.007324 0.011719
3 0.451172 0.548584 0.006836 0.008301
4 0.735474 0.488403 0.039307 0.046631
0 0.359741 0.527466 0.009033 0.007080
1 0.448120 0.555420 0.004150 0.005371
