0 0.700562 0.338379 0.012939 0.023926
0 0.586060 0.359375 0.003662 0.004883
0 0.578125 0.356567 0.003418 0.004639
0 0.925903 0.387329 0.006104 0.018311
0 0.484497 0.335938 0.005127 0.009277
0 0.585693 0.352173 0.004883 0.009521
0 0.577759 0.350220 0.003662 0.007568
0 0.261963 0.304199 0.005859 0.039551
0 0.928955 0.383301 0.010254 0.027832
0 0.490112 0.337158 0.003174 0.006836
0 0.215454 0.305298 0.003662 0.018311
0 0.211670 0.304932 0.003418 0.019043
0 0.273682 0.289795 0.010254 0.046875
0 0.255493 0.304932 0.008057 0.039551
1 0.700317 0.356689 0.012451 0.013184
0 0.372559 0.316162 0.015137 0.025391
0 0.280273 0.289307 0.011230 0.009766
1 0.372559 0.335449 0.014160 0.017578
0 0.915283 0.388794 0.007812 0.035400
