0 0.365234 0.375977 0.008789 0.008301
3 0.147217 0.344360 0.029297 0.028076
0 0.817627 0.313110 0.038086 0.011963
0 0.580688 0.383667 0.009033 0.008545
0 0.396484 0.384277 0.025391 0.006836
0 0.560913 0.379028 0.003174 0.004639
0 0.560791 0.384033 0.002930 0.003418
1 0.569580 0.382690 0.008301 0.007080
0 0.560425 0.390137 0.013428 0.008789
0 0.365234 0.364258 0.010254 0.013672
0 0.570435 0.354248 0.009521 0.006348
0 0.569946 0.372070 0.012451 0.013184
0 0.581055 0.372437 0.010254 0.012939
0 0.531738 0.394775 0.008301 0.002930
0 0.570312 0.361816 0.009277 0.005371
0 0.477173 0.379028 0.009033 0.012939
