0 0.293335 0.508423 0.005615 0.013428
0 0.580322 0.439331 0.010742 0.018311
0 0.604126 0.538208 0.005127 0.010010
0 0.663696 0.518555 0.007568 0.012207
0 0.093872 0.505127 0.012451 0.029297
4 0.112671 0.506226 0.008057 0.010498
0 0.822144 0.391113 0.018799 0.023438
1 0.772217 0.519409 0.015625 0.018799
3 0.868042 0.500854 0.011475 0.024658
0 0.646851 0.464478 0.022217 0.010986
0 0.663818 0.529907 0.006836 0.010986
0 0.840942 0.383179 0.016846 0.033936
0 0.883789 0.484619 0.023926 0.011230
0 0.868530 0.550171 0.010986 0.025146
3 0.410156 0.478760 0.006348 0.008301
3 0.771729 0.550781 0.007812 0.019043
0 0.695557 0.522217 0.005859 0.009277
0 0.693726 0.548584 0.003174 0.012207
0 0.693604 0.535400 0.004395 0.013184
3 0.093750 0.499634 0.007812 0.014404
3 0.868408 0.546143 0.007324 0.012695
