3 0.196411 0.517212 0.005127 0.010498
0 0.168457 0.554932 0.006348 0.020020
3 0.208008 0.504517 0.002930 0.008057
0 0.145142 0.504883 0.001221 0.002441
0 0.168701 0.497559 0.010254 0.028320
0 0.207642 0.522095 0.001709 0.006592
0 0.213989 0.523804 0.001709 0.005615
0 0.207642 0.515869 0.001709 0.005859
0 0.226318 0.524170 0.004395 0.006836
0 0.735352 0.514038 0.006836 0.008057
0 0.604736 0.533203 0.003906 0.012207
0 0.361816 0.515625 0.003906 0.013184
0 0.605225 0.498413 0.005371 0.013916
3 0.363525 0.501953 0.002930 0.013184
