0 0.396729 0.398926 0.505859 0.290527
2 0.195679 0.362549 0.040283 0.048828
0 0.392456 0.316162 0.031982 0.054688
0 0.515503 0.383179 0.038330 0.060791
0 0.757324 0.832153 0.007324 0.011475
0 0.905762 0.839600 0.010742 0.006348
0 0.460327 0.817383 0.005127 0.008789
0 0.391479 0.770020 0.031982 0.013672
0 0.405762 0.775146 0.013184 0.003418
2 0.402100 0.770386 0.002930 0.003662
0 0.349365 0.810669 0.020020 0.008057
0 0.417236 0.791504 0.009766 0.011719
0 0.406006 0.770386 0.012695 0.005127
0 0.354004 0.803345 0.009277 0.005615
0 0.671997 0.814087 0.021240 0.031006
3 0.354126 0.794434 0.007080 0.010742
3 0.302856 0.794434 0.011475 0.016113
0 0.406372 0.764038 0.012451 0.006592
2 0.344849 0.810791 0.004639 0.006836
4 0.292969 0.798462 0.013672 0.015381
3 0.303833 0.777832 0.011475 0.015625
3 0.354736 0.782715 0.007812 0.012207
0 0.553589 0.804688 0.058838 0.061035
4 0.522217 0.816162 0.011230 0.017578
2 0.354126 0.375366 0.034424 0.048096
