1 0.561157 0.688965 0.005615 0.008789
0 0.433228 0.685791 0.002197 0.007812
0 0.558228 0.677856 0.005615 0.015869
3 0.616943 0.681152 0.007812 0.009766
0 0.451660 0.679443 0.006836 0.009766
0 0.569824 0.691895 0.002441 0.007324
1 0.488159 0.685425 0.003662 0.006592
0 0.410889 0.665405 0.017578 0.030518
0 0.527344 0.667847 0.012695 0.016846
1 0.572632 0.691650 0.003174 0.005859
0 0.425415 0.687012 0.003662 0.004395
4 0.410645 0.661865 0.016602 0.021484
3 0.356201 0.677734 0.009766 0.013672
1 0.497314 0.684326 0.003906 0.007324
0 0.616821 0.683838 0.010986 0.018066
0 0.527832 0.670776 0.015625 0.026611
1 0.480835 0.685303 0.002686 0.004883
0 0.410156 0.676758 0.017090 0.007812
