3 0.245605 0.402466 0.020508 0.030518
3 0.307617 0.518799 0.008789 0.013672
3 0.307861 0.533325 0.008301 0.010498
0 0.607544 0.430664 0.013916 0.015137
0 0.443604 0.475708 0.012695 0.007080
0 0.538086 0.452881 0.014648 0.019531
3 0.538574 0.469849 0.013184 0.013428
0 0.303711 0.471069 0.008789 0.014404
0 0.538696 0.487915 0.015381 0.020264
0 0.557129 0.452271 0.015137 0.020264
0 0.557617 0.469360 0.013184 0.012451
0 0.557739 0.487671 0.014893 0.019775
0 0.558105 0.505493 0.012695 0.012939
1 0.539307 0.505737 0.013672 0.012451
