3 0.840942 0.715820 0.021729 0.032227
4 0.811890 0.681030 0.023193 0.034912
4 0.538086 0.684326 0.020020 0.029785
0 0.592651 0.752930 0.006104 0.009277
0 0.578613 0.732056 0.015137 0.036865
0 0.812622 0.708374 0.029053 0.094482
3 0.537354 0.731445 0.018066 0.030273
0 0.537964 0.708252 0.024170 0.081055
0 0.989868 0.644897 0.019775 0.136475
0 0.678101 0.731812 0.016846 0.035889
0 0.657227 0.736206 0.003906 0.006592
3 0.814087 0.734375 0.020752 0.034668
0 0.991211 0.691284 0.005371 0.008545
0 0.953857 0.692261 0.004883 0.008545
