3 0.468872 0.518433 0.007568 0.008545
0 0.602173 0.514893 0.006592 0.011230
0 0.490356 0.523071 0.002197 0.002686
0 0.525879 0.528320 0.004883 0.014160
0 0.540161 0.510620 0.005127 0.006104
0 0.484253 0.523560 0.002686 0.002686
0 0.494263 0.525757 0.003174 0.005615
0 0.475220 0.524170 0.001709 0.001953
0 0.468872 0.528076 0.006592 0.008789
0 0.459717 0.496704 0.004395 0.005615
0 0.443481 0.497925 0.003174 0.005615
0 0.526611 0.517578 0.005859 0.009277
0 0.496826 0.491577 0.003906 0.006104
0 0.475586 0.517090 0.001953 0.003906
0 0.492310 0.509033 0.002686 0.004395
3 0.478027 0.494629 0.003906 0.006348
3 0.407959 0.481689 0.005371 0.007812
3 0.431641 0.479980 0.005859 0.008301
3 0.455444 0.476929 0.005127 0.008057
3 0.535889 0.516724 0.005371 0.008545
0 0.497192 0.498169 0.025635 0.008545
3 0.500977 0.523682 0.005371 0.008301
3 0.500732 0.514404 0.007324 0.009766
3 0.478638 0.473633 0.006592 0.007812
0 0.483887 0.516235 0.002441 0.003662
