3 0.762817 0.571167 0.007568 0.010986
4 0.877930 0.575317 0.008301 0.016357
4 0.527222 0.549072 0.009521 0.013184
0 0.083862 0.545898 0.007568 0.010742
0 0.792725 0.569580 0.009766 0.011719
0 0.460083 0.570312 0.002686 0.005859
0 0.732666 0.570068 0.006348 0.005859
0 0.503052 0.578125 0.002197 0.002930
0 0.528320 0.577393 0.003418 0.003418
0 0.483032 0.578491 0.002686 0.003174
0 0.145020 0.550049 0.003906 0.008301
0 0.281982 0.571167 0.002441 0.004150
0 0.454102 0.571777 0.001953 0.004395
0 0.336060 0.572144 0.002686 0.003174
0 0.527344 0.552856 0.011230 0.024658
