0 0.124268 0.646606 0.014648 0.018311
0 0.320190 0.625366 0.015381 0.019287
3 0.452515 0.616821 0.011963 0.016846
3 0.353760 0.664917 0.010742 0.012451
0 0.468384 0.608765 0.013428 0.018311
3 0.088135 0.665405 0.014160 0.018311
3 0.289429 0.635498 0.012939 0.017578
3 0.823853 0.374512 0.063721 0.094727
1 0.846558 0.506714 0.037354 0.027588
3 0.829834 0.453369 0.067871 0.082520
3 0.088013 0.648438 0.016357 0.016113
3 0.452026 0.599854 0.014404 0.017578
0 0.128174 0.675659 0.006348 0.009033
3 0.286987 0.620239 0.013428 0.015869
0 0.254395 0.656616 0.014648 0.006592
