3 0.401611 0.439087 0.008789 0.011475
0 0.522095 0.433350 0.036377 0.014160
0 0.549072 0.431763 0.007812 0.010498
2 0.566650 0.397827 0.022461 0.012451
0 0.523682 0.394043 0.037598 0.016113
0 0.561157 0.400269 0.043213 0.094482
2 0.566406 0.433350 0.008301 0.011230
1 0.761719 0.585571 0.057617 0.035889
0 0.523071 0.412964 0.038330 0.025146
0 0.549683 0.414551 0.007568 0.010254
3 0.550415 0.378906 0.008057 0.011230
3 0.550049 0.397095 0.007812 0.010498
2 0.566528 0.415527 0.008057 0.010742
4 0.756226 0.521484 0.078857 0.102539
0 0.559448 0.467773 0.024658 0.033691
3 0.631470 0.536133 0.062256 0.074219
0 0.567261 0.380371 0.022217 0.013672
0 0.522217 0.450562 0.037109 0.026611
