0 0.694458 0.527588 0.019775 0.009277
2 0.099365 0.550781 0.014648 0.019531
3 0.328125 0.398315 0.048828 0.062744
3 0.327515 0.455811 0.040283 0.047363
3 0.326538 0.505737 0.043213 0.055908
0 0.449707 0.547241 0.005859 0.007080
0 0.449707 0.554443 0.005859 0.005859
0 0.449951 0.560181 0.006348 0.008545
3 0.459839 0.580078 0.007568 0.012695
2 0.575195 0.541870 0.013672 0.017334
3 0.956055 0.624023 0.019043 0.026367
3 0.813843 0.365845 0.055908 0.067627
3 0.816040 0.427246 0.045166 0.052734
3 0.819824 0.487671 0.048828 0.063232
