3 0.678955 0.566772 0.020020 0.025635
2 0.681519 0.610474 0.020264 0.027588
1 0.680420 0.588501 0.020020 0.012939
0 0.285278 0.718750 0.006104 0.007324
0 0.683594 0.632202 0.020020 0.013916
0 0.507324 0.670288 0.013184 0.008545
0 0.376343 0.707031 0.005127 0.007812
0 0.376343 0.685669 0.007568 0.009033
0 0.469116 0.703857 0.004150 0.006836
0 0.315186 0.718872 0.004883 0.006104
2 0.259277 0.698853 0.005859 0.009033
0 0.485107 0.695435 0.005859 0.008057
0 0.387573 0.697876 0.005127 0.007080
0 0.389038 0.716431 0.004150 0.006104
3 0.488403 0.676636 0.007080 0.009033
