0 0.443604 0.544800 0.056641 0.033936
3 0.531250 0.588745 0.006836 0.008545
3 0.665771 0.565674 0.023926 0.031738
2 0.517212 0.587402 0.006592 0.012207
0 0.497559 0.546631 0.029785 0.025391
1 0.667480 0.586182 0.012695 0.007812
0 0.895630 0.571411 0.033936 0.071533
0 0.517700 0.598267 0.003662 0.005127
0 0.512939 0.592896 0.002441 0.003662
0 0.499023 0.593750 0.005859 0.003418
0 0.466553 0.594849 0.003418 0.007080
1 0.531494 0.596191 0.006836 0.004883
0 0.513184 0.595703 0.003906 0.001953
0 0.496948 0.530518 0.030029 0.008301
