0 0.400146 0.482178 0.029297 0.017090
0 0.299561 0.477173 0.035645 0.022217
0 0.047241 0.383179 0.094482 0.069092
0 0.596924 0.501221 0.013184 0.005371
0 0.596558 0.493408 0.012451 0.005859
0 0.553955 0.462402 0.008301 0.015625
0 0.596436 0.485718 0.012695 0.006104
0 0.596191 0.461548 0.013184 0.006104
0 0.325439 0.474121 0.011230 0.048340
0 0.596436 0.469360 0.012695 0.005615
0 0.606079 0.461182 0.004639 0.004883
0 0.596558 0.477295 0.013428 0.006348
0 0.606079 0.469604 0.004150 0.003662
0 0.991577 0.465332 0.011475 0.010742
