3 0.492065 0.517090 0.026611 0.035156
0 0.134277 0.446655 0.060547 0.043213
0 0.265625 0.450928 0.084473 0.052246
0 0.381470 0.460938 0.064209 0.041504
3 0.416626 0.591187 0.005127 0.009521
1 0.492432 0.547852 0.019531 0.025391
0 0.074219 0.626465 0.008789 0.008789
0 0.134521 0.494385 0.020996 0.025879
0 0.223145 0.496460 0.021484 0.025146
3 0.416626 0.601685 0.005127 0.009521
0 0.202515 0.628052 0.008545 0.028564
0 0.493164 0.567383 0.019531 0.013672
0 0.305908 0.499756 0.018066 0.024414
0 0.376831 0.502808 0.018799 0.022705
