3 0.407471 0.448608 0.011719 0.015381
3 0.407104 0.427612 0.011475 0.014893
0 0.407471 0.458740 0.011719 0.005371
0 0.700195 0.466675 0.005371 0.006592
0 0.461914 0.471924 0.004883 0.003418
0 0.407104 0.438354 0.011475 0.006104
0 0.461792 0.467163 0.004639 0.006592
0 0.620605 0.472168 0.006836 0.024414
1 0.379517 0.475952 0.020264 0.027588
0 0.590210 0.459595 0.009033 0.010010
0 0.116699 0.475952 0.019531 0.073975
0 0.620483 0.464111 0.004150 0.005859
2 0.080811 0.429443 0.009766 0.013184
0 0.700195 0.471924 0.006348 0.003418
