3 0.691895 0.477905 0.007324 0.024658
0 0.043579 0.487061 0.001709 0.003906
0 0.259033 0.496460 0.000977 0.002197
0 0.547485 0.504150 0.002686 0.003418
0 0.261597 0.496460 0.000732 0.001709
0 0.240479 0.504883 0.001953 0.018066
0 0.563232 0.507446 0.001953 0.002197
1 0.701416 0.507324 0.002930 0.003906
0 0.014282 0.493164 0.001221 0.002930
3 0.691650 0.502930 0.005371 0.024414
0 0.061401 0.487549 0.008545 0.007324
1 0.587646 0.508667 0.007324 0.007568
0 0.701294 0.501953 0.003662 0.006836
0 0.563232 0.504028 0.002441 0.004639
3 0.735962 0.499146 0.003662 0.009521
0 0.659302 0.503296 0.006104 0.004639
0 0.038086 0.486084 0.001465 0.003418
