0 0.669434 0.684082 0.009766 0.013184
0 0.578369 0.636230 0.009277 0.015137
0 0.560791 0.616577 0.010254 0.016846
0 0.591064 0.635742 0.037598 0.019043
0 0.435913 0.720093 0.003174 0.011475
0 0.584351 0.724609 0.005615 0.010254
0 0.451050 0.698364 0.008545 0.006592
0 0.473633 0.634644 0.010254 0.017334
0 0.760376 0.721191 0.007080 0.010742
0 0.993164 0.768799 0.013184 0.038574
0 0.604126 0.721802 0.009033 0.008057
0 0.663696 0.684937 0.031006 0.074951
0 0.982666 0.710083 0.034180 0.023682
0 0.603882 0.635498 0.009033 0.011719
3 0.661987 0.669678 0.009521 0.013672
0 0.983521 0.735474 0.032471 0.022705
0 0.603760 0.711426 0.008301 0.012207
0 0.577271 0.578857 0.007568 0.012207
3 0.670898 0.698608 0.010254 0.014404
3 0.587646 0.578491 0.010254 0.012451
3 0.566895 0.579590 0.010254 0.012695
0 0.564087 0.725830 0.015381 0.009766
3 0.659668 0.713501 0.010254 0.013916
0 0.659790 0.640991 0.012939 0.014404
0 0.489380 0.642212 0.095459 0.043213
0 0.581299 0.624390 0.065918 0.072998
3 0.658447 0.698608 0.010254 0.014404
3 0.657104 0.684204 0.010010 0.013916
0 0.976685 0.696167 0.046143 0.056885
0 0.577759 0.579224 0.034912 0.018311
