0 0.428223 0.562744 0.004395 0.005859
0 0.504517 0.562744 0.004150 0.005859
0 0.537720 0.571167 0.007080 0.019775
0 0.542969 0.571655 0.004883 0.007568
1 0.550781 0.571167 0.004883 0.006592
1 0.565674 0.570801 0.004883 0.006836
0 0.613647 0.567993 0.004639 0.006104
0 0.585938 0.569214 0.004883 0.006104
0 0.655518 0.564819 0.002930 0.002197
0 0.655396 0.561646 0.002686 0.004150
0 0.791870 0.564209 0.002686 0.005371
1 0.694702 0.566040 0.004639 0.006104
0 0.847168 0.562866 0.002930 0.006104
1 0.741455 0.565308 0.002930 0.005127
0 0.907227 0.561523 0.002441 0.005859
