3 0.435913 0.383179 0.013916 0.018799
3 0.020996 0.349243 0.007812 0.014893
3 0.420532 0.382080 0.013428 0.018555
3 0.640137 0.364258 0.010742 0.014160
3 0.666992 0.340698 0.012695 0.016846
0 0.106323 0.346802 0.005615 0.014404
0 0.206421 0.322266 0.017822 0.009766
0 0.212280 0.322021 0.006104 0.007812
0 0.105591 0.359497 0.005127 0.008545
0 0.618896 0.348267 0.005859 0.011963
0 0.662964 0.377441 0.009033 0.010742
0 0.207642 0.312378 0.008545 0.006592
3 0.008789 0.348755 0.008301 0.015381
0 0.639526 0.374023 0.010498 0.005859
0 0.693115 0.348755 0.028809 0.016357
