0 0.039185 0.211548 0.078369 0.423096
0 0.817505 0.490356 0.066162 0.035400
2 0.402344 0.567993 0.016113 0.020264
0 0.830933 0.514404 0.128662 0.100586
1 0.389160 0.594482 0.004883 0.008789
0 0.396118 0.594360 0.004639 0.008057
1 0.412964 0.595215 0.005615 0.008789
1 0.420044 0.594604 0.007568 0.008545
0 0.501953 0.577881 0.009766 0.012207
0 0.501587 0.589966 0.005615 0.008545
0 0.466919 0.597656 0.004150 0.006836
0 0.483032 0.598755 0.003174 0.006592
0 0.488159 0.598511 0.004150 0.007080
0 0.471924 0.597656 0.003906 0.005859
0 0.832886 0.490723 0.026123 0.022949
