2 0.184692 0.550293 0.015381 0.021973
0 0.903931 0.505615 0.007080 0.019043
0 0.927246 0.503418 0.007324 0.013672
0 0.500854 0.517578 0.002686 0.005371
0 0.439453 0.523315 0.001953 0.006104
0 0.417603 0.519775 0.006592 0.010742
3 0.463013 0.526123 0.007568 0.010254
0 0.463379 0.533447 0.005859 0.004883
0 0.481934 0.522339 0.003906 0.009521
3 0.523560 0.520630 0.010010 0.013428
3 0.721436 0.479858 0.055664 0.075439
1 0.722046 0.535156 0.047119 0.032715
0 0.366943 0.534424 0.004883 0.005859
3 0.316528 0.524048 0.005127 0.007080
0 0.185303 0.564941 0.017090 0.007812
0 0.366455 0.522217 0.003418 0.004395
