0 0.472900 0.394775 0.020020 0.009766
0 0.734863 0.307983 0.026367 0.030029
0 0.069336 0.386475 0.015137 0.010742
0 0.253418 0.440552 0.003418 0.010986
0 0.327515 0.416382 0.007568 0.012451
3 0.326782 0.442383 0.005127 0.009277
0 0.326660 0.452148 0.007324 0.010254
0 0.520142 0.447388 0.005127 0.008545
0 0.446411 0.388184 0.008057 0.011230
0 0.434937 0.384277 0.006104 0.011230
0 0.679932 0.319580 0.006348 0.033691
0 0.692017 0.311768 0.008545 0.025391
0 0.804932 0.460815 0.005859 0.013428
0 0.408081 0.461060 0.004150 0.012939
0 0.270630 0.458862 0.008545 0.010010
