0 0.768799 0.297729 0.062012 0.100830
3 0.028687 0.400146 0.013428 0.032715
0 0.379761 0.451416 0.019775 0.006348
0 0.191650 0.493286 0.002441 0.006104
0 0.105225 0.481689 0.007324 0.026855
0 0.379517 0.456909 0.018799 0.005615
1 0.379761 0.444214 0.013916 0.007568
0 0.651123 0.462402 0.005859 0.009766
0 0.753906 0.137817 0.040039 0.045654
3 0.742554 0.211914 0.060791 0.075684
3 0.651123 0.443604 0.006836 0.027832
4 0.077881 0.458008 0.007324 0.018555
3 0.379639 0.429443 0.015625 0.020508
0 0.146118 0.489502 0.004150 0.006348
0 0.318604 0.499146 0.001953 0.004639
0 0.299316 0.498169 0.002441 0.005615
0 0.791138 0.444824 0.012939 0.020020
3 0.787354 0.409302 0.015625 0.051514
