2 0.422485 0.650024 0.014404 0.019287
2 0.379761 0.701538 0.007080 0.009033
3 0.226440 0.665161 0.014404 0.017822
2 0.620972 0.416504 0.049561 0.068848
0 0.422119 0.664673 0.015137 0.009033
0 0.620972 0.465942 0.050537 0.039307
3 0.278076 0.705688 0.007324 0.009521
0 0.619995 0.501343 0.050537 0.040771
0 0.225098 0.683472 0.007324 0.016846
0 0.277588 0.714966 0.003418 0.010010
0 0.421509 0.675903 0.015381 0.012451
0 0.379517 0.709595 0.007080 0.007568
0 0.310913 0.717773 0.005127 0.006836
0 0.359497 0.723999 0.003662 0.005127
