3 0.457764 0.650879 0.004395 0.005371
0 0.620850 0.655884 0.013672 0.012451
0 0.619019 0.632690 0.008057 0.013428
0 0.543091 0.636230 0.009033 0.010742
0 0.544067 0.645752 0.007568 0.007324
0 0.546997 0.658081 0.019287 0.013916
0 0.367065 0.654175 0.019775 0.005127
0 0.548218 0.682129 0.008057 0.013672
3 0.541138 0.680786 0.005127 0.010986
0 0.471680 0.661255 0.014160 0.003662
0 0.438599 0.681274 0.005127 0.002686
0 0.619385 0.635376 0.020996 0.025635
0 0.438599 0.685425 0.003662 0.004639
0 0.497314 0.659424 0.005371 0.010742
0 0.869995 0.585571 0.028564 0.050537
