3 0.579590 0.541504 0.010254 0.020996
3 0.421997 0.520874 0.031006 0.069092
0 0.660889 0.539062 0.009766 0.015137
0 0.678345 0.541138 0.009033 0.015869
0 0.660278 0.552490 0.008545 0.010742
0 0.669189 0.540161 0.008789 0.015381
0 0.542480 0.538818 0.011719 0.012207
0 0.668945 0.553345 0.008301 0.010986
0 0.678833 0.529175 0.009521 0.007568
1 0.677856 0.554199 0.009033 0.010742
0 0.660767 0.527832 0.009033 0.008789
0 0.450195 0.535034 0.003906 0.006592
0 0.537720 0.547363 0.003174 0.005859
0 0.669678 0.528442 0.008789 0.007080
