4 0.990234 0.490601 0.019043 0.033936
0 0.598511 0.522217 0.017822 0.012695
4 0.756470 0.499146 0.007080 0.014893
0 0.368042 0.507324 0.063232 0.025879
0 0.631348 0.526123 0.036621 0.012207
0 0.756470 0.516235 0.009521 0.015869
0 0.631714 0.502808 0.035889 0.012451
0 0.115112 0.649048 0.074951 0.057861
3 0.906738 0.484497 0.019043 0.024170
1 0.907349 0.520264 0.020264 0.041016
0 0.918945 0.578491 0.010742 0.013428
0 0.236084 0.618896 0.030762 0.039062
0 0.979492 0.585693 0.016602 0.018066
0 0.945312 0.581421 0.011719 0.014404
0 0.756104 0.528320 0.009277 0.009277
0 0.631470 0.513550 0.036377 0.013428
