0 0.493896 0.599365 0.015137 0.044434
3 0.422974 0.604248 0.031006 0.042480
0 0.470215 0.680298 0.015137 0.027588
3 0.266846 0.588867 0.020508 0.033691
3 0.452637 0.658691 0.013184 0.017090
3 0.493530 0.588867 0.014404 0.019043
3 0.450195 0.645386 0.011230 0.019775
0 0.539429 0.643188 0.020264 0.010010
4 0.519897 0.661499 0.008545 0.010498
0 0.696777 0.718262 0.011230 0.011719
0 0.624268 0.597534 0.036133 0.061768
0 0.679565 0.597046 0.067627 0.061279
0 0.545532 0.597656 0.086182 0.059570
3 0.724854 0.588623 0.015137 0.019043
0 0.675049 0.719238 0.009277 0.007324
0 0.725220 0.599243 0.017822 0.045654
