3 0.517944 0.676636 0.010986 0.014893
0 0.322754 0.660645 0.042969 0.022461
4 0.320190 0.611450 0.049072 0.068604
0 0.748291 0.701050 0.005371 0.007568
0 0.779785 0.683716 0.010254 0.012451
0 0.432373 0.694580 0.006348 0.008301
0 0.566284 0.703369 0.010986 0.030273
0 0.432617 0.707031 0.005371 0.013672
0 0.446533 0.660889 0.017578 0.036621
0 0.479248 0.683105 0.007812 0.010742
0 0.498291 0.709106 0.003906 0.023682
0 0.600708 0.703979 0.003174 0.005615
0 0.739502 0.705322 0.003906 0.010742
0 0.479004 0.700317 0.007812 0.018311
