0 0.820923 0.442871 0.214600 0.065430
0 0.575684 0.467529 0.011230 0.015137
0 0.911621 0.459961 0.012207 0.014648
0 0.840454 0.461304 0.011475 0.013916
0 0.770142 0.464111 0.011963 0.013672
0 0.666626 0.659668 0.029541 0.018066
3 0.652100 0.626709 0.014648 0.018555
0 0.791504 0.597534 0.002930 0.004639
0 0.757324 0.610229 0.007324 0.011475
0 0.753296 0.604004 0.006592 0.009277
3 0.984741 0.594360 0.014404 0.018311
4 0.835693 0.613403 0.010254 0.010986
0 0.839111 0.600342 0.002441 0.005371
0 0.830078 0.599487 0.002441 0.005127
0 0.784790 0.596802 0.002197 0.004639
0 0.535034 0.621338 0.007568 0.006348
0 0.535645 0.631348 0.011230 0.010254
3 0.425049 0.602783 0.015137 0.020508
0 0.644897 0.615601 0.008057 0.013916
0 0.526123 0.450439 0.128418 0.060059
0 0.702515 0.593140 0.004639 0.008057
0 0.512817 0.468506 0.011963 0.014160
