3 0.563232 0.574585 0.012695 0.016357
0 0.489624 0.625122 0.004639 0.005615
3 0.279175 0.639893 0.005615 0.009766
0 0.514282 0.589600 0.016357 0.020020
3 0.489502 0.631714 0.004395 0.006104
0 0.558472 0.547852 0.035400 0.025879
0 0.515747 0.617554 0.019775 0.011475
0 0.512573 0.589844 0.006592 0.009277
0 0.515625 0.606323 0.019043 0.012939
2 0.362305 0.635132 0.004395 0.007080
0 0.394897 0.636475 0.010986 0.004883
0 0.559204 0.577148 0.035400 0.036621
0 0.296631 0.632446 0.005371 0.010986
0 0.296265 0.642090 0.006104 0.006348
0 0.317871 0.626221 0.008301 0.003906
4 0.309448 0.636719 0.007080 0.010254
