3 0.210938 0.530762 0.040527 0.052734
0 0.306030 0.592163 0.004150 0.004150
0 0.329956 0.588745 0.007080 0.008057
0 0.531128 0.573975 0.029053 0.008301
0 0.400391 0.602661 0.001953 0.008057
0 0.459106 0.598633 0.003662 0.004883
0 0.357666 0.592651 0.002930 0.004639
0 0.306396 0.595947 0.002930 0.003418
0 0.527710 0.576172 0.009033 0.010742
4 0.527954 0.563110 0.015381 0.015381
3 0.630371 0.553467 0.019531 0.025391
3 0.492676 0.580322 0.006836 0.009277
3 0.630249 0.524170 0.018799 0.024902
3 0.405884 0.596069 0.003662 0.005127
3 0.400635 0.593384 0.004395 0.006104
0 0.531128 0.583740 0.029053 0.012695
0 0.631470 0.577271 0.021240 0.015381
