3 0.447021 0.748169 0.005859 0.007080
0 0.327515 0.737061 0.005615 0.008301
0 0.327271 0.746338 0.006104 0.007324
2 0.229004 0.751343 0.012207 0.016357
0 0.157715 0.745483 0.008301 0.010498
0 0.571533 0.059204 0.360352 0.118408
0 0.328247 0.727173 0.006104 0.008545
0 0.195068 0.042480 0.390137 0.084961
0 0.254517 0.747192 0.011963 0.010498
4 0.476318 0.772705 0.008789 0.014648
0 0.328613 0.717163 0.006836 0.009033
4 0.387085 0.777466 0.010498 0.014404
0 0.365967 0.731689 0.022461 0.055664
3 0.411865 0.764771 0.007324 0.009033
4 0.484131 0.773682 0.015137 0.018555
4 0.367676 0.781250 0.013184 0.019043
4 0.090820 0.704468 0.032227 0.035889
0 0.124146 0.738037 0.010498 0.012695
0 0.254150 0.755615 0.007812 0.006836
