0 0.761475 0.348877 0.011719 0.015625
3 0.889771 0.318359 0.025635 0.034668
0 0.509521 0.350830 0.015137 0.019043
0 0.519653 0.375732 0.006592 0.008789
2 0.572388 0.371338 0.007568 0.009766
3 0.520142 0.385376 0.006592 0.009033
3 0.503296 0.383301 0.005127 0.006348
3 0.890747 0.285278 0.024658 0.029053
0 0.790039 0.335327 0.004395 0.013428
0 0.724731 0.345337 0.009033 0.004639
4 0.503906 0.390625 0.005371 0.006836
0 0.550659 0.353394 0.012451 0.004639
3 0.544800 0.381348 0.004150 0.006836
0 0.562988 0.352905 0.011719 0.006104
