3 0.534912 0.589233 0.009277 0.021240
3 0.740845 0.534668 0.018311 0.023926
3 0.864014 0.497192 0.111328 0.122314
0 0.552246 0.582397 0.003906 0.005127
0 0.864624 0.414917 0.107178 0.050049
0 0.687866 0.579102 0.005127 0.005859
3 0.693237 0.579224 0.005127 0.006592
0 0.120239 0.602905 0.002686 0.010986
0 0.871094 0.577271 0.005859 0.009521
0 0.637817 0.569702 0.006592 0.009033
0 0.822266 0.559937 0.007324 0.008057
0 0.870728 0.575562 0.004150 0.005615
0 0.105713 0.601074 0.002441 0.010742
0 0.740723 0.551636 0.015137 0.010498
3 0.822021 0.536377 0.004883 0.023438
