0 0.735352 0.601318 0.011719 0.005859
3 0.704834 0.607178 0.008789 0.015137
3 0.321533 0.550659 0.017578 0.028564
0 0.351440 0.607422 0.006592 0.015625
0 0.362061 0.603516 0.005859 0.007812
0 0.368164 0.609619 0.005859 0.009277
0 0.379150 0.598877 0.009766 0.016602
0 0.352417 0.592285 0.010986 0.014648
0 0.590088 0.611572 0.005371 0.015625
3 0.348267 0.576660 0.011963 0.016113
3 0.592773 0.501343 0.013184 0.023682
0 0.845947 0.512329 0.015625 0.030518
0 0.957275 0.636963 0.010254 0.017578
0 0.961914 0.619507 0.011230 0.018311
0 0.792969 0.633911 0.009277 0.014404
0 0.793091 0.620728 0.009033 0.013428
0 0.792480 0.607910 0.009766 0.012207
0 0.374634 0.583252 0.016846 0.014160
0 0.352539 0.578979 0.010254 0.015869
0 0.378784 0.612915 0.008545 0.011475
