0 0.543213 0.648682 0.002441 0.005859
0 0.539917 0.648804 0.003662 0.005615
0 0.201416 0.566284 0.028320 0.010010
0 0.217773 0.603149 0.008789 0.004639
0 0.214844 0.608398 0.008301 0.008789
0 0.572388 0.661377 0.005127 0.010254
3 0.620850 0.638062 0.006348 0.014893
0 0.621582 0.649292 0.005859 0.007568
0 0.622314 0.658447 0.006836 0.008789
0 0.634033 0.610474 0.014160 0.023193
0 0.726562 0.543945 0.005859 0.038086
0 0.604858 0.658447 0.007080 0.009277
0 0.552612 0.651245 0.002197 0.004639
0 0.604248 0.649902 0.006348 0.004883
0 0.572144 0.659912 0.004639 0.006836
