4 0.879517 0.580322 0.015869 0.016602
4 0.353027 0.528076 0.022461 0.027832
0 0.902100 0.533691 0.020020 0.025879
0 0.852661 0.580688 0.008545 0.009521
0 0.901855 0.557373 0.014160 0.019043
3 0.261475 0.523560 0.012207 0.015381
0 0.864380 0.577148 0.010986 0.012695
0 0.311035 0.502808 0.014648 0.019287
0 0.870972 0.563477 0.007080 0.018066
0 0.846680 0.576660 0.004883 0.010254
0 0.024292 0.506226 0.013916 0.016357
3 0.968140 0.553101 0.006104 0.015381
2 0.870850 0.559082 0.007812 0.010254
0 0.846802 0.574463 0.005127 0.005859
