0 0.116577 0.572021 0.010010 0.005371
0 0.369019 0.566162 0.011963 0.006348
0 0.053345 0.625244 0.008545 0.014160
0 0.117676 0.581055 0.009766 0.012695
0 0.232910 0.561035 0.005859 0.006836
0 0.233521 0.566406 0.004639 0.002930
0 0.235840 0.569458 0.011719 0.003174
0 0.320923 0.576416 0.005615 0.011230
0 0.280029 0.576538 0.004883 0.010986
3 0.328613 0.565186 0.008789 0.011230
0 0.461914 0.610229 0.018066 0.081787
3 0.453247 0.479370 0.016846 0.033936
0 0.234131 0.575806 0.003418 0.008545
0 0.081543 0.620728 0.005859 0.010010
1 0.098389 0.589355 0.011230 0.006348
