4 0.402344 0.388428 0.026855 0.029785
4 0.400879 0.355957 0.026367 0.032227
4 0.682861 0.361084 0.028809 0.032715
4 0.682617 0.391113 0.028809 0.033691
0 0.539673 0.421143 0.021240 0.022949
4 0.258179 0.399414 0.015869 0.018555
0 0.674438 0.390869 0.039307 0.058594
0 0.290894 0.385010 0.011963 0.011230
0 0.204346 0.370117 0.032227 0.021484
0 0.157837 0.329834 0.037354 0.047852
0 0.258301 0.411255 0.008301 0.005615
0 0.481079 0.408691 0.013916 0.017578
4 0.649902 0.411499 0.014160 0.017334
0 0.203369 0.323242 0.016113 0.071289
