4 0.784302 0.507080 0.010010 0.013184
0 0.484253 0.499146 0.004150 0.005127
0 0.518066 0.489990 0.009766 0.006348
0 0.518188 0.479736 0.010498 0.015137
0 0.484131 0.493286 0.005371 0.007080
0 0.538086 0.496948 0.004883 0.008057
0 0.538208 0.504028 0.004639 0.005615
0 0.670654 0.506958 0.007812 0.010498
2 0.912598 0.443604 0.006348 0.007324
0 0.543945 0.539795 0.016602 0.034668
0 0.671265 0.502930 0.016846 0.032715
3 0.228760 0.447266 0.005859 0.024902
3 0.816528 0.459961 0.015869 0.020020
3 0.816528 0.482910 0.018799 0.023438
0 0.905640 0.447388 0.029541 0.029541
3 0.291382 0.478394 0.007080 0.018799
3 0.226562 0.471191 0.016602 0.020996
0 0.529541 0.478760 0.014160 0.018066
3 0.529541 0.458496 0.015137 0.020508
3 0.517944 0.501831 0.011963 0.015869
0 0.299438 0.526733 0.004639 0.007568
0 0.144165 0.485840 0.011475 0.019531
