3 0.184448 0.378174 0.044678 0.082520
0 0.116089 0.524902 0.026611 0.020996
0 0.312012 0.382935 0.039062 0.057373
0 0.821167 0.433472 0.087158 0.165771
0 0.739990 0.158081 0.152344 0.122314
0 0.131104 0.429077 0.043945 0.018311
0 0.180664 0.429443 0.024902 0.023438
0 0.310303 0.298950 0.052734 0.067627
0 0.131958 0.412964 0.044678 0.019287
0 0.130615 0.446045 0.048828 0.020020
0 0.126465 0.487549 0.043457 0.025879
0 0.306641 0.342041 0.049316 0.063965
0 0.124390 0.394531 0.010986 0.009766
0 0.123657 0.505981 0.041260 0.017822
0 0.127686 0.463623 0.045410 0.020996
