0 0.685059 0.577881 0.005859 0.012207
2 0.629517 0.570801 0.005127 0.010254
0 0.566528 0.571533 0.014893 0.014648
0 0.072266 0.505981 0.007324 0.014893
0 0.072021 0.518921 0.008789 0.009033
0 0.555542 0.556030 0.007568 0.012939
3 0.590576 0.562500 0.006348 0.005371
2 0.569946 0.542358 0.010010 0.012939
3 0.619751 0.554932 0.012939 0.016113
3 0.686157 0.556396 0.017334 0.020508
0 0.658203 0.517944 0.016602 0.018799
3 0.888550 0.558228 0.019287 0.022217
3 0.196655 0.537720 0.006592 0.011475
0 0.227173 0.531250 0.006592 0.007812
3 0.643799 0.538330 0.020020 0.025879
3 0.308472 0.545166 0.009521 0.011719
