3 0.433350 0.592163 0.010742 0.027588
0 0.668335 0.423706 0.109619 0.045166
0 0.336792 0.449341 0.031982 0.064209
0 0.669312 0.456177 0.114014 0.052490
0 0.026855 0.585205 0.027832 0.008789
0 0.432983 0.505249 0.011475 0.027588
0 0.383667 0.447266 0.057861 0.047363
0 0.433472 0.533203 0.011963 0.025879
0 0.668457 0.365356 0.111816 0.049072
0 0.026489 0.567139 0.029053 0.008789
0 0.665649 0.335571 0.111084 0.052002
0 0.338745 0.518188 0.033447 0.031494
0 0.025879 0.576660 0.029297 0.009277
0 0.383911 0.478394 0.057373 0.040771
0 0.337524 0.490234 0.032471 0.032227
0 0.670410 0.489380 0.114746 0.037842
0 0.383667 0.416748 0.056396 0.042969
0 0.668335 0.392944 0.111572 0.048584
