0 0.688110 0.395996 0.083252 0.128418
0 0.488037 0.450562 0.032715 0.030518
0 0.450073 0.421997 0.006104 0.007080
0 0.449829 0.412964 0.006592 0.010498
0 0.443481 0.428589 0.007080 0.006592
0 0.450317 0.428223 0.006592 0.007324
0 0.443481 0.437378 0.006104 0.010498
0 0.443970 0.446899 0.006104 0.008057
0 0.450806 0.446655 0.006104 0.007568
0 0.438965 0.439209 0.015137 0.014648
0 0.431519 0.427368 0.010010 0.010010
0 0.449585 0.403931 0.007080 0.006104
0 0.479126 0.472168 0.005127 0.013184
0 0.450317 0.437500 0.006104 0.010254
