3 0.378662 0.483765 0.009277 0.012939
4 0.530518 0.503418 0.007812 0.018066
0 0.715210 0.473877 0.008057 0.023926
0 0.580322 0.465454 0.018555 0.025635
0 0.216064 0.471069 0.007324 0.016357
0 0.218872 0.486694 0.005615 0.009033
0 0.161621 0.452881 0.005859 0.006836
0 0.305786 0.491211 0.004639 0.006836
0 0.195435 0.419800 0.027588 0.035400
0 0.467896 0.496948 0.005127 0.009033
0 0.442749 0.490479 0.008057 0.014160
0 0.443359 0.502808 0.004883 0.010498
0 0.215332 0.466919 0.005859 0.005615
0 0.643677 0.460449 0.070068 0.018066
