3 0.309937 0.448608 0.016357 0.023193
0 0.361816 0.514038 0.003906 0.005615
1 0.729004 0.486084 0.012695 0.016602
0 0.719971 0.411255 0.008301 0.011963
0 0.717651 0.463135 0.010986 0.028809
0 0.728394 0.430908 0.008057 0.030273
0 0.727661 0.461670 0.009521 0.029785
0 0.726196 0.387329 0.016846 0.035400
0 0.713501 0.512451 0.003174 0.009766
0 0.583984 0.510986 0.004395 0.005859
3 0.362671 0.486084 0.006592 0.011719
1 0.718628 0.486572 0.012939 0.015625
3 0.362061 0.500977 0.007812 0.010742
4 0.525024 0.488159 0.014893 0.019775
0 0.719360 0.433472 0.010986 0.030029
0 0.726196 0.513794 0.010986 0.010986
0 0.730103 0.409180 0.007080 0.012695
