0 0.402344 0.610229 0.039551 0.028076
3 0.715698 0.579834 0.036377 0.042969
3 0.716064 0.621094 0.028809 0.040039
0 0.332886 0.638428 0.012451 0.008301
0 0.439575 0.642212 0.006592 0.013916
0 0.367798 0.612915 0.028564 0.019775
0 0.416992 0.611938 0.004395 0.004150
0 0.397583 0.653687 0.003174 0.003662
0 0.439575 0.641113 0.004639 0.005859
0 0.264526 0.682251 0.011475 0.040771
0 0.301514 0.675781 0.006348 0.032227
0 0.008545 0.717529 0.017090 0.099609
0 0.397705 0.654175 0.004883 0.010986
0 0.189087 0.693604 0.013916 0.059082
0 0.386230 0.618652 0.004883 0.005859
