3 0.339600 0.625610 0.012695 0.021729
0 0.680420 0.629883 0.003418 0.006348
0 0.682495 0.628296 0.002197 0.005127
0 0.539307 0.594604 0.026855 0.010498
0 0.768311 0.588867 0.009277 0.015625
3 0.527832 0.589722 0.011230 0.018799
2 0.764404 0.643677 0.003418 0.006592
3 0.724854 0.664185 0.009277 0.015869
0 0.528198 0.571289 0.010986 0.019531
3 0.823730 0.129028 0.060547 0.096436
3 0.007935 0.598877 0.012939 0.025391
3 0.829102 0.232300 0.064941 0.107178
2 0.755005 0.598389 0.004639 0.008301
3 0.784546 0.573730 0.013916 0.022949
3 0.546631 0.574463 0.014160 0.028320
0 0.673462 0.630127 0.001709 0.002930
0 0.533203 0.593872 0.003906 0.007080
