3 0.386230 0.711426 0.012207 0.021484
4 0.176880 0.642822 0.047119 0.066406
3 0.627686 0.710205 0.014160 0.021484
4 0.677734 0.624634 0.049805 0.065186
4 0.398193 0.728638 0.015625 0.020752
3 0.385986 0.726807 0.011719 0.007812
1 0.680298 0.670654 0.024658 0.016113
0 0.351196 0.725952 0.013428 0.017334
1 0.175049 0.686890 0.025391 0.018311
2 0.291992 0.755859 0.011719 0.016602
0 0.521240 0.726562 0.007812 0.014160
3 0.629150 0.725464 0.012207 0.008057
0 0.570312 0.736694 0.013184 0.005615
0 0.641968 0.723877 0.006104 0.011719
3 0.351318 0.737305 0.013672 0.005859
