3 0.671509 0.410889 0.010010 0.015625
3 0.445068 0.461914 0.008789 0.011719
3 0.470459 0.439209 0.008789 0.011230
3 0.536133 0.447266 0.005371 0.007324
3 0.593628 0.434448 0.009521 0.010498
3 0.711304 0.414429 0.004639 0.010010
3 0.367920 0.431641 0.007324 0.010742
3 0.838623 0.352539 0.037598 0.060547
0 0.249756 0.439087 0.005371 0.008545
3 0.836426 0.297363 0.036621 0.060059
0 0.711182 0.421631 0.003906 0.004883
0 0.525879 0.446045 0.003906 0.005371
0 0.526001 0.451904 0.003662 0.005371
0 0.374390 0.452026 0.002686 0.006104
