4 0.703613 0.603638 0.018066 0.021729
0 0.423096 0.635132 0.004395 0.011963
0 0.350708 0.640869 0.008057 0.022461
0 0.527100 0.618408 0.002441 0.005371
0 0.478760 0.619995 0.002441 0.003662
0 0.461914 0.605469 0.001953 0.003418
0 0.391724 0.620850 0.002686 0.005371
0 0.465332 0.632202 0.002930 0.002686
0 0.464233 0.634155 0.002197 0.003662
0 0.446899 0.635376 0.003174 0.007080
0 0.580566 0.618774 0.003906 0.003174
0 0.457397 0.634033 0.002686 0.006348
0 0.498169 0.620117 0.004639 0.002441
0 0.462158 0.633179 0.002441 0.006104
