0 0.678223 0.394775 0.039551 0.017578
0 0.672363 0.436523 0.020020 0.007324
2 0.812500 0.472656 0.013672 0.017578
0 0.678833 0.415894 0.039307 0.024170
0 0.677979 0.382690 0.015137 0.007568
0 0.717529 0.385864 0.011230 0.006592
0 0.697266 0.432739 0.004395 0.003174
0 0.672363 0.431396 0.005859 0.003418
0 0.697266 0.443237 0.020996 0.012451
0 0.697266 0.502930 0.027344 0.012207
0 0.717651 0.393555 0.037842 0.010254
0 0.718018 0.412476 0.038086 0.028076
0 0.697632 0.435669 0.021240 0.003662
0 0.672241 0.444580 0.020264 0.009277
0 0.570068 0.476196 0.009766 0.018311
