3 0.624146 0.448730 0.015381 0.020508
4 0.727051 0.449951 0.024902 0.028320
4 0.295776 0.473022 0.023682 0.027588
3 0.326538 0.450439 0.016846 0.020996
0 0.727905 0.472900 0.022705 0.014160
0 0.455200 0.498169 0.006104 0.007568
0 0.295898 0.494263 0.021973 0.013916
0 0.515137 0.496094 0.006836 0.002441
0 0.602783 0.461792 0.008789 0.003174
0 0.855347 0.459229 0.017334 0.024902
3 0.454956 0.490601 0.006104 0.007568
0 0.326782 0.466187 0.012451 0.008057
0 0.033447 0.498901 0.011230 0.002686
0 0.912109 0.457520 0.006348 0.014160
0 0.321533 0.486694 0.003906 0.016846
0 0.913330 0.469482 0.006348 0.008301
