3 0.178467 0.494019 0.038086 0.060303
3 0.165894 0.802002 0.008545 0.018066
1 0.920776 0.939941 0.028076 0.053223
0 0.296021 0.837524 0.049561 0.044189
0 0.544678 0.864136 0.044434 0.048584
0 0.087036 0.629150 0.039307 0.095703
0 0.519653 0.680664 0.030518 0.089844
0 0.988647 0.942383 0.022217 0.053223
0 0.309937 0.656128 0.034912 0.094971
0 0.744995 0.715332 0.029053 0.091309
0 0.956299 0.938843 0.024902 0.051514
0 0.942261 0.450684 0.114990 0.132812
0 0.956421 0.746338 0.028564 0.086914
0 0.237793 0.501709 0.211426 0.105957
0 0.589478 0.404663 0.170654 0.147217
4 0.519409 0.693237 0.016357 0.027100
3 0.520386 0.654297 0.016846 0.030762
0 0.415161 0.377563 0.177002 0.164795
3 0.311523 0.630371 0.018555 0.030762
3 0.088623 0.602539 0.020020 0.033203
4 0.309692 0.668945 0.018311 0.026855
3 0.744751 0.690186 0.015381 0.029297
4 0.957031 0.759277 0.015137 0.026367
4 0.744507 0.728394 0.014893 0.027100
3 0.283936 0.364136 0.041504 0.073486
4 0.085693 0.643921 0.020508 0.029541
0 0.064087 0.344116 0.128174 0.197998
0 0.800171 0.433105 0.161377 0.138672
3 0.956177 0.722168 0.015381 0.027832
3 0.300781 0.508789 0.035645 0.061035
0 0.017212 0.810547 0.034424 0.051758
0 0.228149 0.372314 0.189697 0.197266
