0 0.393433 0.357666 0.016846 0.016602
0 0.567871 0.339233 0.080078 0.020264
3 0.525146 0.528687 0.008789 0.011475
0 0.392944 0.335083 0.020264 0.026611
4 0.498413 0.535889 0.006592 0.008789
0 0.418579 0.334351 0.024170 0.026611
0 0.418823 0.312622 0.020264 0.013428
1 0.419556 0.357788 0.016846 0.015869
0 0.506470 0.535400 0.005127 0.010254
0 0.392578 0.312378 0.020508 0.013428
0 0.949341 0.209473 0.016357 0.026367
1 0.950806 0.269043 0.015869 0.026367
1 0.499146 0.541626 0.004639 0.003174
3 0.513794 0.533936 0.006104 0.009766
0 0.970337 0.194580 0.015869 0.030273
0 0.971558 0.224609 0.020752 0.049316
0 0.950317 0.238403 0.018311 0.045166
0 0.931763 0.223389 0.013916 0.025391
0 0.932251 0.250122 0.013428 0.042236
1 0.932007 0.281616 0.012451 0.028076
