3 0.405762 0.433228 0.017578 0.028076
3 0.603760 0.450806 0.016602 0.030518
3 0.282227 0.421509 0.014160 0.026123
3 0.664062 0.458374 0.013672 0.026611
3 0.341553 0.425293 0.015625 0.030762
0 0.229248 0.420166 0.044922 0.095215
0 0.662720 0.460571 0.040283 0.094482
0 0.471924 0.442627 0.047852 0.100098
0 0.281982 0.425537 0.043457 0.099121
0 0.536377 0.448120 0.043945 0.102783
0 0.341064 0.432983 0.054199 0.097412
3 0.229004 0.416504 0.013672 0.029297
0 0.603516 0.453613 0.045898 0.093262
0 0.405640 0.439209 0.052002 0.105957
