3 0.075806 0.485840 0.031494 0.045410
0 0.277588 0.467041 0.005371 0.013184
0 0.448975 0.490479 0.000977 0.004395
0 0.299683 0.469971 0.001709 0.009277
0 0.533813 0.508545 0.031006 0.032227
3 0.410889 0.480591 0.005371 0.010010
0 0.360718 0.491455 0.012451 0.010254
0 0.138184 0.458252 0.003906 0.007324
0 0.536255 0.481812 0.012939 0.027100
0 0.093628 0.459961 0.005127 0.007324
0 0.015137 0.446777 0.013672 0.016602
0 0.510742 0.527100 0.004395 0.028809
0 0.368530 0.465332 0.005127 0.011719
0 0.539185 0.535767 0.007080 0.038330
3 0.361206 0.491699 0.005127 0.008301
0 0.476562 0.517334 0.004395 0.022461
0 0.484497 0.519897 0.005127 0.024658
0 0.504761 0.525513 0.004639 0.029053
0 0.076904 0.428833 0.032227 0.069092
3 0.368042 0.481201 0.004639 0.008301
2 0.016724 0.423950 0.011475 0.032471
0 0.473755 0.515259 0.004150 0.020752
0 0.103882 0.466675 0.004639 0.004150
