3 0.739990 0.746704 0.024902 0.032471
3 0.588013 0.748291 0.009033 0.014648
3 0.255981 0.641602 0.023682 0.039062
4 0.737549 0.709473 0.035645 0.041992
2 0.621826 0.741455 0.004395 0.006836
0 0.257690 0.603516 0.022705 0.037598
2 0.639160 0.748657 0.002930 0.006104
0 0.538452 0.743164 0.010498 0.007324
0 0.491211 0.714722 0.003418 0.014893
0 0.254639 0.671631 0.025391 0.021484
0 0.676880 0.760742 0.001709 0.002930
0 0.538940 0.752075 0.007080 0.008545
0 0.691162 0.731079 0.004883 0.009521
0 0.666382 0.760010 0.004150 0.005859
0 0.490845 0.726074 0.009033 0.007324
0 0.506348 0.737915 0.003906 0.017822
