4 0.137207 0.441528 0.032715 0.075439
4 0.668091 0.542603 0.013916 0.023193
0 0.353516 0.563965 0.004395 0.006348
1 0.411255 0.590454 0.006592 0.011475
1 0.438599 0.591797 0.006104 0.012207
1 0.355225 0.585815 0.004395 0.008545
0 0.495850 0.601440 0.010742 0.006592
0 0.864868 0.417847 0.031982 0.055420
0 0.465820 0.565674 0.009766 0.022461
0 0.303101 0.507080 0.027100 0.051270
0 0.505981 0.573608 0.005615 0.012939
0 0.608398 0.563354 0.006348 0.010498
0 0.481812 0.575073 0.004150 0.008057
0 0.574097 0.573853 0.003174 0.006592
