4 0.861206 0.549561 0.005127 0.008789
0 0.702148 0.535278 0.009277 0.007568
0 0.413574 0.510620 0.002930 0.005615
0 0.389160 0.503296 0.001953 0.003662
0 0.391602 0.503540 0.001953 0.004150
0 0.372925 0.486938 0.002686 0.006104
0 0.400757 0.509399 0.004150 0.005127
0 0.471069 0.501465 0.041748 0.026855
0 0.400879 0.503662 0.003418 0.004395
0 0.515869 0.505371 0.041504 0.026855
3 0.160034 0.154419 0.132568 0.196533
0 0.557129 0.510132 0.040039 0.028564
3 0.148926 0.346680 0.108398 0.187500
3 0.472412 0.466064 0.025879 0.047852
3 0.569336 0.475586 0.025391 0.047363
3 0.517334 0.469971 0.025391 0.047363
3 0.957397 0.551514 0.003662 0.013184
0 0.389771 0.507080 0.002197 0.003906
