3 0.625122 0.627686 0.006592 0.007812
0 0.677979 0.631226 0.003906 0.006104
0 0.701782 0.620972 0.007080 0.009033
0 0.624756 0.621826 0.005859 0.003418
0 0.677856 0.637695 0.003662 0.005859
0 0.625488 0.633789 0.005859 0.003906
0 0.617920 0.635498 0.003418 0.002930
0 0.947632 0.703857 0.039307 0.054199
0 0.693481 0.525391 0.026123 0.013184
2 0.653564 0.622559 0.004395 0.006348
0 0.625854 0.639160 0.004639 0.005859
4 0.625122 0.615112 0.010010 0.010498
2 0.617676 0.631104 0.003906 0.004883
3 0.682739 0.561157 0.046143 0.059814
2 0.715210 0.604980 0.008545 0.012207
2 0.701172 0.610840 0.007812 0.010742
0 0.653931 0.629028 0.004639 0.007080
0 0.716187 0.613647 0.009033 0.006104
