0 0.677002 0.429810 0.019531 0.034912
0 0.732788 0.563721 0.020264 0.032715
0 0.614014 0.588013 0.008789 0.021729
1 0.418213 0.565063 0.009766 0.024170
0 0.676758 0.473145 0.017578 0.032227
0 0.678833 0.432007 0.078369 0.140381
0 0.260498 0.547607 0.019043 0.026855
0 0.677368 0.430664 0.016846 0.030273
1 0.594116 0.590576 0.007568 0.017578
4 0.264648 0.516113 0.023438 0.049805
1 0.664062 0.598999 0.006348 0.015869
0 0.732178 0.545532 0.025391 0.069092
3 0.701416 0.429565 0.019531 0.034912
0 0.607544 0.609985 0.009521 0.037354
0 0.027100 0.375244 0.054199 0.045410
1 0.443115 0.570068 0.009277 0.022461
1 0.473022 0.588989 0.008057 0.023193
3 0.653564 0.473633 0.018066 0.031738
0 0.007568 0.461548 0.015137 0.043701
1 0.350464 0.551514 0.013428 0.034668
3 0.654419 0.431641 0.017334 0.032715
3 0.614990 0.634644 0.004883 0.009033
1 0.623047 0.594604 0.006348 0.017822
0 0.677368 0.525269 0.079346 0.041748
0 0.700806 0.472656 0.017822 0.033203
