0 0.547607 0.286865 0.009766 0.018066
0 0.443604 0.376465 0.004883 0.009277
0 0.547119 0.286255 0.013672 0.032471
0 0.443848 0.366211 0.004883 0.011230
0 0.465698 0.369995 0.005615 0.004150
0 0.484009 0.310181 0.010010 0.012451
0 0.465576 0.363281 0.004883 0.009277
0 0.578369 0.258179 0.011719 0.012939
0 0.780273 0.321777 0.007324 0.014160
0 0.414795 0.335327 0.015137 0.034912
0 0.580688 0.237183 0.014893 0.031006
0 0.498047 0.285645 0.010254 0.007812
0 0.297852 0.323608 0.014648 0.032959
3 0.593018 0.277710 0.028320 0.053955
3 0.525757 0.330322 0.011475 0.020020
3 0.498169 0.272217 0.010010 0.018555
3 0.595703 0.222168 0.030273 0.056641
3 0.353516 0.242920 0.008301 0.045410
0 0.780518 0.319702 0.010254 0.026123
