0 0.672485 0.506226 0.035889 0.026123
0 0.566650 0.468506 0.018066 0.005371
0 0.557617 0.531860 0.002441 0.006104
0 0.718750 0.423706 0.016113 0.017334
0 0.809937 0.572632 0.006592 0.010986
0 0.661011 0.467651 0.028564 0.032471
0 0.078247 0.474854 0.005127 0.007812
0 0.549927 0.539429 0.002197 0.005615
3 0.572998 0.526978 0.003418 0.005127
0 0.558594 0.539429 0.002441 0.009033
3 0.473145 0.528320 0.002930 0.005371
0 0.473267 0.533203 0.003174 0.004395
3 0.412354 0.520264 0.007324 0.008789
0 0.512329 0.444946 0.010986 0.011963
3 0.413208 0.509033 0.008057 0.012695
2 0.673462 0.483032 0.024658 0.025146
0 0.464722 0.440674 0.030029 0.011230
0 0.078003 0.483154 0.005127 0.007812
1 0.572876 0.531982 0.004150 0.004395
