0 0.540649 0.577026 0.010498 0.012451
3 0.072144 0.615845 0.018799 0.046631
4 0.318970 0.586182 0.016357 0.021973
0 0.319824 0.603027 0.012207 0.011230
0 0.952393 0.488037 0.093750 0.065430
0 0.401733 0.586548 0.006592 0.007568
0 0.383911 0.589966 0.009033 0.015869
0 0.414551 0.584961 0.018066 0.010254
0 0.402100 0.596802 0.007324 0.012451
0 0.428345 0.591919 0.007080 0.007080
0 0.320679 0.613525 0.009033 0.011719
0 0.415161 0.592651 0.015869 0.004150
0 0.477295 0.587646 0.006836 0.006836
0 0.443359 0.564575 0.005859 0.004150
1 0.924805 0.603882 0.077637 0.053955
1 0.991333 0.599976 0.016846 0.059326
