0 0.203247 0.645386 0.127686 0.032959
0 0.265747 0.422607 0.018311 0.023438
0 0.223633 0.417358 0.018066 0.022705
0 0.224731 0.386353 0.018311 0.023682
0 0.202515 0.383545 0.017822 0.022949
0 0.246216 0.388184 0.017822 0.023926
0 0.217896 0.385010 0.122803 0.044922
0 0.216675 0.416748 0.123779 0.043457
0 0.210815 0.513428 0.125244 0.035645
0 0.201904 0.415039 0.019531 0.024414
0 0.221313 0.449707 0.017822 0.023926
0 0.215088 0.448364 0.125488 0.039307
0 0.243286 0.451050 0.017822 0.022705
0 0.245239 0.419800 0.017822 0.023682
0 0.199463 0.447388 0.019531 0.024170
0 0.241455 0.546265 0.019043 0.023193
0 0.212646 0.480103 0.125488 0.039307
0 0.209351 0.544312 0.126221 0.036865
0 0.239258 0.578003 0.018555 0.023682
0 0.207153 0.577026 0.126221 0.033936
0 0.255737 0.643677 0.013916 0.018311
0 0.239746 0.643555 0.015625 0.018555
0 0.205444 0.611084 0.127197 0.033203
0 0.116211 0.646240 0.014160 0.051270
0 0.267334 0.391479 0.017578 0.023193
0 0.497925 0.558228 0.034424 0.016357
