0 0.503418 0.663452 0.012207 0.016357
0 0.847656 0.593628 0.035156 0.041748
0 0.847046 0.587891 0.009033 0.017090
0 0.478516 0.671875 0.007812 0.007812
0 0.837280 0.647949 0.005615 0.020996
0 0.862061 0.580688 0.028809 0.044678
0 0.850220 0.626099 0.034912 0.025146
3 0.176880 0.666992 0.004150 0.016602
0 0.867554 0.635132 0.027100 0.022217
1 0.907471 0.622559 0.024414 0.024414
0 0.880249 0.621338 0.012939 0.027832
0 0.907715 0.600342 0.023926 0.023926
0 0.859131 0.548340 0.027344 0.022949
0 0.865479 0.612305 0.023926 0.021973
3 0.006348 0.648682 0.012695 0.028809
0 0.907593 0.567627 0.024170 0.045410
0 0.495728 0.675903 0.003174 0.005127
