3 0.136108 0.540161 0.008545 0.025635
0 0.973022 0.336548 0.053467 0.043701
0 0.978271 0.441772 0.042969 0.023682
3 0.009644 0.556274 0.019287 0.035889
0 0.610352 0.465942 0.028320 0.009033
0 0.609863 0.445923 0.028320 0.010986
0 0.605713 0.437988 0.011719 0.006836
0 0.609741 0.456421 0.028076 0.010498
2 0.960938 0.339355 0.018066 0.025879
0 0.974731 0.367065 0.050049 0.031494
0 0.976318 0.395630 0.046875 0.032959
0 0.977051 0.422607 0.045410 0.022461
0 0.967896 0.312134 0.023193 0.014404
0 0.627075 0.494751 0.019775 0.012939
