1 0.505737 0.385742 0.006104 0.005859
0 0.509277 0.369995 0.006348 0.009033
0 0.513916 0.379028 0.001953 0.004150
0 0.724243 0.399780 0.003174 0.007080
0 0.505493 0.393555 0.006104 0.008301
0 0.512695 0.383545 0.001953 0.002930
0 0.502930 0.369507 0.006836 0.009033
0 0.510010 0.354980 0.007812 0.008301
0 0.702637 0.404419 0.005371 0.010986
0 0.687622 0.395752 0.004150 0.004883
0 0.513062 0.393555 0.001709 0.003906
0 0.441162 0.349609 0.009277 0.003906
0 0.514648 0.388550 0.000977 0.004639
0 0.514526 0.383179 0.001221 0.004150
0 0.513916 0.375244 0.002930 0.004395
0 0.513306 0.388428 0.001221 0.003906
1 0.505127 0.400513 0.005859 0.005127
0 0.506226 0.362427 0.005127 0.005127
0 0.505737 0.378174 0.006592 0.008301
0 0.503052 0.354614 0.006104 0.009033
