0 0.860596 0.287231 0.143066 0.121338
0 0.429199 0.332397 0.008301 0.007568
0 0.438110 0.326172 0.008057 0.006836
0 0.399658 0.341187 0.005371 0.008057
0 0.350342 0.335083 0.007324 0.011963
0 0.233154 0.301147 0.005371 0.009033
0 0.619873 0.355835 0.003906 0.006592
0 0.429077 0.339966 0.008057 0.007080
0 0.437378 0.339966 0.007568 0.008057
0 0.437744 0.333130 0.008789 0.008545
0 0.429688 0.325317 0.008789 0.006592
0 0.305420 0.304077 0.009766 0.005127
0 0.291870 0.301758 0.004639 0.007812
0 0.054932 0.292725 0.031738 0.019043
0 0.475708 0.327026 0.029053 0.017822
2 0.856445 0.366577 0.036621 0.053955
0 0.853638 0.410522 0.032471 0.034912
0 0.381348 0.343994 0.004395 0.005859
0 0.367920 0.340088 0.006348 0.010742
