0 0.826660 0.687622 0.013184 0.020264
4 0.526978 0.677368 0.011963 0.014893
0 0.757690 0.685303 0.013428 0.022949
0 0.570190 0.499878 0.095947 0.065186
0 0.705566 0.500244 0.096191 0.065918
0 0.641846 0.619019 0.039551 0.098389
0 0.732910 0.512695 0.028320 0.021484
0 0.555420 0.671509 0.002930 0.009033
0 0.526123 0.672241 0.003906 0.009521
0 0.359375 0.691284 0.003906 0.004639
0 0.697754 0.681274 0.005371 0.026611
0 0.651123 0.562500 0.016113 0.016113
0 0.317139 0.687134 0.006348 0.007568
3 0.123413 0.686523 0.005615 0.007812
