3 0.890869 0.510742 0.016113 0.021484
2 0.928467 0.524536 0.014648 0.019287
3 0.680542 0.506592 0.007080 0.016113
3 0.950195 0.532715 0.007812 0.009766
0 0.844971 0.366821 0.065430 0.064209
0 0.829834 0.326050 0.075195 0.037842
0 0.946777 0.544922 0.005371 0.006348
0 0.858398 0.552856 0.003418 0.008545
2 0.869507 0.553101 0.004639 0.007080
0 0.794067 0.538330 0.007080 0.004395
0 0.794067 0.543091 0.007080 0.004639
1 0.845093 0.415771 0.053467 0.034668
0 0.794434 0.547607 0.006836 0.004395
0 0.793945 0.531250 0.004883 0.010254
0 0.775757 0.531982 0.007568 0.011230
0 0.680298 0.516968 0.005615 0.005127
