4 0.652222 0.506470 0.030518 0.032959
0 0.380981 0.468506 0.052490 0.022461
1 0.594238 0.540894 0.005859 0.021240
0 0.304810 0.495728 0.013428 0.008545
0 0.429688 0.473145 0.035156 0.028809
0 0.286865 0.494385 0.011719 0.007812
0 0.277344 0.487305 0.010254 0.008789
0 0.570190 0.500000 0.008057 0.010254
0 0.569702 0.507202 0.007568 0.006104
4 0.341675 0.514038 0.003662 0.005615
0 0.594971 0.525635 0.005859 0.008301
0 0.277588 0.476807 0.010742 0.012695
0 0.290283 0.508911 0.003906 0.004639
0 0.295654 0.509766 0.004395 0.007324
0 0.222534 0.547241 0.008545 0.024170
0 0.282715 0.513184 0.007324 0.004883
