0 0.909302 0.041504 0.124756 0.083008
3 0.838013 0.303345 0.009521 0.024658
0 0.810791 0.042969 0.203613 0.085938
0 0.735229 0.212280 0.030029 0.043701
0 0.501343 0.388062 0.003662 0.011963
0 0.810913 0.128296 0.200928 0.080322
0 0.810303 0.212646 0.199219 0.074219
0 0.912964 0.120361 0.126709 0.076172
3 0.097290 0.427734 0.010010 0.013184
3 0.008911 0.414185 0.009521 0.013428
0 0.397095 0.394165 0.008545 0.010498
3 0.703003 0.332275 0.003662 0.013184
0 0.734619 0.126221 0.029297 0.044434
0 0.732422 0.038696 0.029785 0.044678
3 0.624512 0.374268 0.010254 0.012207
3 0.674683 0.127686 0.008057 0.037109
3 0.564575 0.431885 0.005615 0.023926
3 0.157715 0.457397 0.010254 0.012939
3 0.650635 0.350464 0.003418 0.015381
0 0.625122 0.384277 0.010498 0.009277
