2 0.326172 0.522583 0.004395 0.007080
0 0.507935 0.543213 0.012451 0.008789
2 0.140259 0.521362 0.004639 0.010010
0 0.104858 0.491821 0.013916 0.022705
0 0.231445 0.517822 0.002930 0.003906
0 0.237549 0.517578 0.002930 0.004395
0 0.325684 0.529419 0.004395 0.007080
0 0.325439 0.535278 0.004395 0.004639
0 0.370850 0.525391 0.004395 0.006836
0 0.369019 0.532593 0.004639 0.006104
0 0.376221 0.532349 0.004395 0.005615
0 0.375122 0.536743 0.002197 0.004150
2 0.480591 0.497437 0.009521 0.018799
0 0.210815 0.511963 0.004639 0.011719
2 0.297485 0.506592 0.006104 0.014160
