0 0.149780 0.607666 0.004150 0.005371
0 0.162842 0.624756 0.010742 0.003906
0 0.394043 0.527222 0.026855 0.034912
0 0.394531 0.586182 0.027832 0.037109
0 0.825806 0.657349 0.022217 0.016357
3 0.190552 0.644043 0.006592 0.010254
3 0.294800 0.655396 0.014893 0.018799
3 0.439087 0.635132 0.021240 0.026611
0 0.380005 0.712891 0.004639 0.032715
0 0.393921 0.556519 0.023193 0.023193
1 0.394775 0.616577 0.024902 0.024170
0 0.800781 0.660156 0.006836 0.013672
0 0.324585 0.720703 0.004150 0.040039
0 0.296509 0.732544 0.004150 0.038330
0 0.266357 0.736572 0.010254 0.057617
0 0.282715 0.746460 0.017578 0.068604
0 0.331665 0.763306 0.018799 0.093506
3 0.258789 0.624512 0.033691 0.042480
0 0.258911 0.648315 0.013428 0.006592
0 0.801025 0.648315 0.007324 0.010498
