0 0.917725 0.515015 0.013184 0.036377
0 0.440430 0.496582 0.005371 0.006836
0 0.440430 0.504272 0.005371 0.007080
3 0.054443 0.386230 0.019531 0.037598
0 0.053467 0.412598 0.015625 0.011230
0 0.327881 0.463745 0.012207 0.006104
0 0.327515 0.453247 0.013428 0.007080
3 0.327759 0.437866 0.018311 0.023682
0 0.188599 0.369263 0.033936 0.026123
0 0.191162 0.329712 0.039062 0.050537
3 0.216064 0.280640 0.038574 0.047607
1 0.215088 0.245605 0.040039 0.015137
3 0.214966 0.214233 0.038330 0.047607
3 0.747314 0.450317 0.019043 0.024658
0 0.745605 0.473022 0.020020 0.014893
0 0.375488 0.500977 0.009277 0.008789
0 0.912964 0.525391 0.007080 0.015625
