3 0.617798 0.537842 0.006104 0.010254
3 0.160645 0.519775 0.011230 0.034668
3 0.434814 0.542236 0.008301 0.011719
3 0.875488 0.527344 0.045410 0.059082
3 0.282104 0.536255 0.015381 0.023193
3 0.950439 0.531494 0.009766 0.012695
0 0.604614 0.480347 0.028564 0.012939
0 0.563477 0.525024 0.022461 0.037354
0 0.147827 0.485229 0.013428 0.011963
0 0.544922 0.541382 0.004395 0.008545
3 0.157227 0.546021 0.005371 0.015869
0 0.458252 0.532349 0.004395 0.010986
0 0.147949 0.471313 0.012695 0.013428
0 0.147583 0.456299 0.013916 0.013672
0 0.536621 0.445801 0.021484 0.008789
