0 0.568604 0.540405 0.013672 0.016357
3 0.878540 0.554321 0.003662 0.017822
0 0.882080 0.546875 0.015137 0.052246
0 0.803467 0.537231 0.010742 0.018311
0 0.765503 0.496948 0.021729 0.008545
0 0.765503 0.490723 0.023193 0.010254
0 0.764038 0.482910 0.023682 0.009277
0 0.460449 0.498047 0.039551 0.013672
4 0.775391 0.506958 0.011230 0.013428
0 0.764648 0.476196 0.023438 0.011475
0 0.766602 0.508057 0.009277 0.013672
0 0.578979 0.547852 0.034424 0.032227
3 0.569458 0.556030 0.011475 0.014893
3 0.785400 0.493530 0.015625 0.023193
3 0.608643 0.494507 0.017090 0.023682
0 0.816040 0.527954 0.013916 0.012451
0 0.877319 0.534302 0.004639 0.016357
