0 0.448975 0.785278 0.004883 0.007568
0 0.436768 0.792603 0.004883 0.009521
3 0.436157 0.779785 0.005127 0.006348
0 0.602295 0.554199 0.039062 0.073242
0 0.595459 0.478271 0.078125 0.074707
0 0.558228 0.757568 0.019775 0.017578
0 0.556885 0.740356 0.020508 0.018799
4 0.675171 0.781372 0.016846 0.019775
0 0.436523 0.785156 0.008301 0.003418
0 0.340576 0.802856 0.005371 0.012939
0 0.613281 0.699585 0.112305 0.043213
0 0.606201 0.613159 0.110352 0.036377
4 0.477539 0.792114 0.035156 0.047607
3 0.447388 0.815918 0.037842 0.054199
3 0.551147 0.810059 0.030029 0.043945
4 0.547485 0.726807 0.019775 0.023438
0 0.705933 0.814453 0.010986 0.020508
4 0.692261 0.812744 0.011475 0.016113
0 0.448364 0.773926 0.007568 0.015625
0 0.608887 0.656372 0.110352 0.040283
4 0.609375 0.480225 0.032227 0.043457
