3 0.227295 0.331421 0.017578 0.029541
0 0.502686 0.319580 0.017090 0.030762
1 0.393799 0.365356 0.002930 0.008057
1 0.384033 0.363159 0.002441 0.008057
0 0.445190 0.167114 0.083252 0.031494
0 0.423584 0.351440 0.007812 0.013916
1 0.401855 0.368774 0.002930 0.008057
0 0.552002 0.168213 0.081055 0.031738
1 0.408691 0.372803 0.002930 0.008789
3 0.475220 0.327393 0.017334 0.032715
1 0.414429 0.377075 0.004639 0.010010
1 0.363647 0.362183 0.003174 0.006592
0 0.312134 0.353882 0.008057 0.013916
0 0.517822 0.199585 0.009277 0.017334
1 0.374146 0.361816 0.003174 0.007812
0 0.445923 0.199219 0.083740 0.031738
0 0.551880 0.201050 0.081299 0.031006
0 0.479736 0.198242 0.010254 0.019531
