0 0.611084 0.447510 0.053223 0.091797
0 0.580688 0.610229 0.015381 0.029053
0 0.532104 0.606812 0.012939 0.015869
0 0.765259 0.480835 0.010010 0.011963
0 0.778564 0.480957 0.010742 0.013184
0 0.790771 0.480225 0.010254 0.012207
0 0.764526 0.467773 0.010010 0.014160
0 0.790039 0.467651 0.010254 0.013428
0 0.582397 0.592407 0.004639 0.006592
0 0.581665 0.473022 0.012939 0.019775
0 0.777100 0.467651 0.010254 0.013428
0 0.776611 0.473022 0.049316 0.058838
3 0.902100 0.564331 0.017578 0.025146
0 0.762207 0.586670 0.014648 0.024414
0 0.432251 0.454956 0.091553 0.090576
0 0.701660 0.442505 0.092773 0.097412
0 0.523804 0.451904 0.091553 0.098633
0 0.515381 0.606567 0.011719 0.014893
0 0.903687 0.574463 0.024170 0.050781
