0 0.576294 0.599609 0.007568 0.013672
0 0.447144 0.610718 0.014404 0.016846
1 0.576538 0.609619 0.006104 0.007812
0 0.687378 0.537109 0.014404 0.010742
0 0.576050 0.589966 0.007080 0.007080
0 0.531982 0.598877 0.003906 0.004395
0 0.532593 0.611206 0.004639 0.007080
0 0.484985 0.611450 0.001221 0.003662
0 0.533081 0.618042 0.004150 0.005127
0 0.489136 0.611206 0.001709 0.003662
0 0.354248 0.611694 0.003906 0.003174
0 0.532227 0.604614 0.004395 0.006592
0 0.354492 0.614990 0.002930 0.002930
0 0.487061 0.611450 0.001465 0.003662
1 0.519531 0.621582 0.002930 0.003906
