3 0.422852 0.335693 0.023438 0.015625
0 0.492432 0.278198 0.025391 0.018311
2 0.422119 0.311157 0.023926 0.032471
0 0.539795 0.311890 0.026367 0.011963
0 0.421753 0.287476 0.035400 0.016846
3 0.463135 0.279785 0.012695 0.021973
0 0.020142 0.281372 0.019775 0.013916
0 0.047485 0.186401 0.060303 0.105225
0 0.058716 0.266846 0.077393 0.076660
0 0.423218 0.352417 0.019287 0.018311
1 0.451782 0.338745 0.019287 0.010986
0 0.450562 0.314209 0.030518 0.041992
0 0.448608 0.253662 0.013428 0.049316
0 0.542847 0.333130 0.025146 0.023682
