0 0.535767 0.641479 0.028076 0.051514
0 0.218018 0.475342 0.031738 0.056152
2 0.465576 0.549927 0.003906 0.012451
2 0.492432 0.528687 0.013184 0.022705
3 0.301025 0.539795 0.015137 0.028320
3 0.477905 0.525146 0.016846 0.027832
0 0.210571 0.477173 0.006104 0.006104
0 0.209595 0.491943 0.005127 0.006836
0 0.350952 0.563599 0.021240 0.012451
0 0.372192 0.565918 0.020752 0.009277
0 0.211182 0.451660 0.004883 0.006348
0 0.210449 0.465210 0.004883 0.005615
0 0.210449 0.458374 0.004883 0.005127
0 0.210449 0.470825 0.005859 0.005615
0 0.238647 0.524170 0.005127 0.025879
