3 0.820435 0.613892 0.010498 0.017822
0 0.548706 0.629517 0.002686 0.021240
0 0.533813 0.628052 0.002686 0.018799
0 0.471069 0.617432 0.004639 0.005371
0 0.422363 0.599487 0.013672 0.008545
1 0.555298 0.622803 0.009521 0.017090
0 0.656006 0.492554 0.057617 0.060791
1 0.581909 0.621704 0.009521 0.016846
0 0.804077 0.624512 0.011963 0.009766
0 0.501831 0.615356 0.007080 0.011475
0 0.670898 0.624878 0.006348 0.007080
0 0.657471 0.578003 0.021484 0.055420
1 0.641235 0.622314 0.018311 0.012695
0 0.493652 0.585815 0.020996 0.018311
0 0.668457 0.500732 0.059570 0.125977
0 0.941162 0.615356 0.116699 0.141357
0 0.511353 0.613159 0.005127 0.007568
4 0.540894 0.629883 0.007080 0.013184
3 0.713745 0.619751 0.006104 0.010010
0 0.531128 0.606567 0.013916 0.031006
0 0.354980 0.593262 0.019043 0.029297
3 0.511475 0.622803 0.004883 0.008789
4 0.671021 0.611694 0.009033 0.018799
0 0.641602 0.597046 0.017578 0.026611
0 0.354004 0.638916 0.006348 0.036621
1 0.354248 0.614136 0.015137 0.010498
