0 0.704224 0.826050 0.016357 0.020264
0 0.369873 0.929810 0.010254 0.004639
2 0.636597 0.927734 0.007568 0.012207
0 0.371826 0.926270 0.013672 0.004395
0 0.621704 0.920410 0.003174 0.005371
0 0.368286 0.953735 0.012451 0.005615
0 0.626587 0.923950 0.010986 0.005127
0 0.369995 0.939209 0.012451 0.003906
0 0.369263 0.943359 0.011963 0.003906
0 0.369141 0.948120 0.013672 0.005127
0 0.579468 0.926147 0.010498 0.014404
0 0.696899 0.837036 0.055908 0.068604
3 0.482300 0.897705 0.009033 0.008789
3 0.513306 0.896973 0.008545 0.008301
3 0.695679 0.854248 0.015381 0.021973
3 0.675171 0.799683 0.019775 0.025146
0 0.369995 0.933716 0.010986 0.003662
0 0.692627 0.877930 0.018066 0.017578
