0 0.641846 0.775757 0.007812 0.025146
3 0.876343 0.734863 0.014893 0.036621
3 0.827393 0.766602 0.011719 0.020508
3 0.565552 0.803589 0.015869 0.030518
2 0.564331 0.738892 0.009521 0.031006
3 0.547485 0.720703 0.012451 0.023926
0 0.235474 0.770752 0.004150 0.008789
2 0.646484 0.702759 0.010254 0.047607
0 0.494507 0.794678 0.004639 0.013672
2 0.510986 0.784180 0.005371 0.017090
0 0.796875 0.795898 0.005859 0.015137
0 0.503174 0.798828 0.002930 0.008789
0 0.235107 0.779175 0.001953 0.009033
0 0.474365 0.793823 0.003418 0.006592
0 0.474121 0.800537 0.003418 0.007812
0 0.427246 0.798706 0.003418 0.010010
