0 0.755493 0.374268 0.011963 0.017090
3 0.557861 0.477661 0.009766 0.012451
0 0.764526 0.384644 0.036377 0.041260
3 0.405151 0.467285 0.009521 0.013184
0 0.053467 0.368164 0.016113 0.016602
2 0.053345 0.348755 0.014404 0.029053
2 0.765503 0.342529 0.035889 0.041504
0 0.048340 0.410278 0.015625 0.028564
0 0.050049 0.392090 0.014648 0.017090
3 0.546387 0.482178 0.009277 0.009766
0 0.004272 0.357666 0.008545 0.026367
0 0.003662 0.379272 0.007324 0.021240
0 0.051147 0.379639 0.014404 0.015625
0 0.456665 0.485718 0.004639 0.006592
0 0.002930 0.394409 0.005859 0.014404
