3 0.148438 0.546265 0.010742 0.013428
0 0.761841 0.521973 0.029053 0.024902
2 0.925415 0.487671 0.024658 0.040283
3 0.116577 0.547852 0.010498 0.014160
0 0.915283 0.445557 0.011230 0.018066
3 0.902466 0.447876 0.010986 0.017822
3 0.127319 0.547485 0.010498 0.013916
0 0.509277 0.548828 0.018555 0.008301
0 0.137939 0.547363 0.010742 0.014160
0 0.218872 0.561768 0.005615 0.006836
0 0.105835 0.547852 0.010986 0.013672
0 0.889771 0.450195 0.010010 0.018555
0 0.213379 0.562866 0.007324 0.012451
0 0.218872 0.564575 0.009033 0.017822
0 0.213379 0.566895 0.011230 0.021973
