3 0.832397 0.246460 0.057373 0.108154
0 0.219238 0.444092 0.001953 0.006836
0 0.957642 0.500854 0.084229 0.279541
0 0.246582 0.446289 0.004395 0.010254
0 0.279541 0.446045 0.002441 0.010254
0 0.232422 0.445557 0.006348 0.011719
0 0.226929 0.446289 0.002686 0.008301
0 0.016846 0.430054 0.005859 0.018311
0 0.285156 0.447266 0.003906 0.008789
0 0.273804 0.446167 0.002197 0.009033
0 0.379517 0.392212 0.009521 0.020752
0 0.192627 0.452637 0.009277 0.020020
1 0.292969 0.432129 0.007324 0.015137
1 0.378906 0.405762 0.005371 0.010254
1 0.331421 0.430298 0.008057 0.016846
1 0.310059 0.432617 0.006836 0.013184
1 0.381226 0.429199 0.010010 0.017578
1 0.353027 0.428589 0.008789 0.018799
0 0.211182 0.445679 0.001953 0.007080
0 0.260132 0.445923 0.002197 0.008057
