3 0.651489 0.430542 0.006104 0.024170
3 0.120728 0.396362 0.037842 0.054443
4 0.649536 0.378296 0.028076 0.053467
2 0.651489 0.491821 0.017334 0.065186
0 0.990601 0.367676 0.017822 0.016113
0 0.107422 0.456299 0.017090 0.030762
3 0.845337 0.499268 0.104736 0.227051
0 0.651245 0.429688 0.010498 0.053711
0 0.108154 0.476318 0.017090 0.007812
0 0.844360 0.490479 0.084229 0.113281
0 0.990845 0.380371 0.017822 0.014160
0 0.990723 0.392822 0.017090 0.013672
0 0.990234 0.417969 0.017578 0.013184
0 0.990845 0.430786 0.017822 0.012939
0 0.990479 0.404907 0.018066 0.014404
