0 0.509888 0.682861 0.028076 0.010254
0 0.528564 0.672852 0.007324 0.024414
0 0.531616 0.692993 0.014404 0.008057
0 0.221313 0.692383 0.016846 0.013672
0 0.526367 0.683350 0.001953 0.007324
0 0.517456 0.691040 0.011475 0.006592
4 0.364624 0.707886 0.012451 0.014893
3 0.364502 0.720093 0.008301 0.011475
0 0.451538 0.686523 0.011963 0.022949
3 0.281860 0.713257 0.005615 0.008057
0 0.240967 0.633545 0.028809 0.048340
3 0.151123 0.681152 0.019531 0.025879
0 0.148438 0.702759 0.017578 0.015381
0 0.301147 0.741821 0.010498 0.018799
2 0.451782 0.681152 0.007568 0.010254
2 0.242676 0.623047 0.016602 0.021484
