3 0.438232 0.247437 0.032227 0.041260
0 0.565918 0.286987 0.010254 0.010986
0 0.546509 0.291992 0.022705 0.009277
0 0.570801 0.279419 0.017578 0.009033
0 0.674072 0.363403 0.008789 0.007080
0 0.780151 0.355835 0.011963 0.020264
0 0.784546 0.361816 0.010986 0.013672
3 0.436523 0.284668 0.023926 0.033691
0 0.660034 0.355591 0.007568 0.010498
3 0.514404 0.360840 0.007812 0.011719
3 0.726685 0.283447 0.040283 0.046875
3 0.780396 0.351562 0.006592 0.008789
3 0.667603 0.376953 0.008057 0.011719
3 0.091553 0.285645 0.041992 0.057617
3 0.555786 0.362793 0.014404 0.019531
3 0.721069 0.325928 0.027588 0.037109
0 0.435181 0.198242 0.012939 0.021484
