0 0.462402 0.471558 0.013184 0.011963
3 0.449097 0.474243 0.009521 0.017334
3 0.931519 0.477173 0.013428 0.015381
2 0.959595 0.443237 0.011963 0.014404
3 0.663696 0.536743 0.083740 0.128662
0 0.236694 0.491455 0.022217 0.005859
0 0.061401 0.488525 0.018799 0.010254
0 0.236694 0.482910 0.021240 0.010742
3 0.084351 0.492554 0.007568 0.009033
0 0.450928 0.368652 0.038574 0.020996
3 0.187744 0.429810 0.025391 0.039795
0 0.431885 0.439331 0.008301 0.014893
3 0.462402 0.458130 0.007812 0.013428
2 0.184326 0.387573 0.016113 0.037354
3 0.661499 0.307373 0.114502 0.163574
0 0.661987 0.431641 0.075928 0.079590
2 0.922363 0.461670 0.004395 0.006348
0 0.931641 0.465820 0.004395 0.005371
