0 0.809814 0.554321 0.049805 0.022217
0 0.347290 0.664795 0.018799 0.010254
0 0.142334 0.609741 0.022949 0.020752
0 0.861084 0.640991 0.021973 0.020264
3 0.787109 0.597778 0.050781 0.063721
0 0.970703 0.639648 0.047363 0.040527
0 0.982544 0.619629 0.034424 0.117676
0 0.982300 0.524170 0.034912 0.070312
0 0.526245 0.704224 0.002686 0.006592
3 0.534058 0.706787 0.007080 0.009766
0 0.615479 0.654663 0.010742 0.028076
3 0.985718 0.511353 0.028076 0.031982
3 0.616333 0.673096 0.004639 0.008301
0 0.789917 0.636719 0.030029 0.013672
3 0.615234 0.650391 0.005371 0.008789
3 0.990356 0.597778 0.018799 0.036377
0 0.982788 0.570068 0.033447 0.015625
0 0.705078 0.686279 0.018555 0.019531
3 0.513916 0.701904 0.005371 0.007324
0 0.616821 0.676514 0.007080 0.016113
