0 0.141479 0.659668 0.027588 0.009766
0 0.501587 0.678833 0.007568 0.010498
3 0.597290 0.653809 0.024170 0.013672
4 0.507690 0.672974 0.010498 0.014404
2 0.529419 0.652832 0.013428 0.018066
0 0.976074 0.685547 0.015137 0.064941
0 0.255493 0.466675 0.006592 0.040283
0 0.272827 0.426392 0.007080 0.066162
0 0.294189 0.380493 0.025879 0.060303
0 0.475342 0.671387 0.002930 0.004395
3 0.529541 0.666626 0.011230 0.010498
0 0.508423 0.682861 0.006104 0.005371
0 0.098633 0.652954 0.013672 0.009033
0 0.114380 0.651611 0.015381 0.009277
0 0.082764 0.653198 0.014648 0.008545
3 0.129517 0.680664 0.012939 0.010742
0 0.130737 0.650635 0.014404 0.010742
1 0.097412 0.682495 0.013184 0.010986
1 0.081543 0.683594 0.013672 0.012207
0 0.501465 0.687378 0.004883 0.003662
0 0.082153 0.666870 0.017334 0.016357
0 0.113403 0.682251 0.012939 0.010986
0 0.098022 0.665771 0.015869 0.020508
0 0.113403 0.665527 0.017334 0.018066
0 0.130737 0.664429 0.016357 0.019287
