0 0.067871 0.576782 0.022461 0.010498
3 0.946533 0.565308 0.019043 0.020264
3 0.671387 0.576172 0.013672 0.017578
1 0.646362 0.601440 0.007080 0.026123
0 0.546631 0.588501 0.003906 0.004150
0 0.535522 0.601440 0.004639 0.003662
0 0.535400 0.595093 0.007324 0.008545
0 0.996826 0.540894 0.005859 0.022705
0 0.526367 0.602417 0.001953 0.004150
3 0.508667 0.502930 0.007080 0.010254
0 0.068115 0.557861 0.011230 0.023926
0 0.961304 0.532593 0.016846 0.008057
0 0.797607 0.554932 0.013672 0.003418
0 0.450806 0.515991 0.028564 0.006592
0 0.009766 0.480347 0.019531 0.011963
0 0.498047 0.606934 0.001953 0.004883
0 0.798096 0.558594 0.012207 0.003906
