4 0.366455 0.470215 0.025391 0.040039
2 0.654663 0.469238 0.014893 0.023926
3 0.181396 0.544312 0.023926 0.043701
2 0.493774 0.543091 0.006592 0.011475
0 0.187988 0.421875 0.062012 0.040039
0 0.655273 0.487427 0.013672 0.011475
1 0.655762 0.500244 0.019531 0.012695
0 0.637085 0.531128 0.005127 0.011475
0 0.368042 0.556396 0.011963 0.024902
0 0.294678 0.570801 0.003418 0.005371
2 0.612915 0.526123 0.003662 0.012695
0 0.511963 0.540894 0.010742 0.003662
0 0.294800 0.577393 0.004150 0.007324
0 0.589966 0.551758 0.003174 0.007812
0 0.593384 0.525757 0.007080 0.013428
0 0.511719 0.536743 0.010742 0.004150
0 0.511841 0.544556 0.010010 0.004150
0 0.593628 0.534668 0.007080 0.004883
0 0.188110 0.456421 0.035889 0.027588
0 0.596802 0.534912 0.008545 0.004883
