0 0.664551 0.584106 0.004395 0.018799
0 0.036377 0.633911 0.010254 0.032959
0 0.119629 0.625122 0.005859 0.017822
0 0.007324 0.627197 0.005859 0.031738
0 0.045532 0.611816 0.009033 0.014648
0 0.165405 0.599609 0.008057 0.018066
1 0.298828 0.616211 0.006836 0.004883
0 0.017212 0.630981 0.009033 0.030029
3 0.299072 0.608887 0.008789 0.013184
0 0.343384 0.588379 0.010010 0.011230
4 0.403687 0.597290 0.011475 0.019775
1 0.458374 0.613281 0.005615 0.004395
0 0.458130 0.605469 0.005615 0.010254
0 0.610840 0.612061 0.023438 0.015137
3 0.608276 0.563721 0.030518 0.036621
3 0.279907 0.550415 0.009521 0.041260
0 0.066040 0.637695 0.007568 0.037598
