3 0.374268 0.366943 0.007324 0.010254
0 0.083618 0.344727 0.009033 0.004883
0 0.091309 0.354614 0.006836 0.018311
0 0.013672 0.342773 0.025391 0.007812
0 0.090698 0.330811 0.006592 0.018066
0 0.276123 0.357544 0.003906 0.005615
0 0.480103 0.350464 0.008057 0.003174
0 0.335083 0.359497 0.003662 0.005615
0 0.569458 0.391113 0.002197 0.004395
0 0.569336 0.384888 0.002441 0.006592
0 0.633423 0.397949 0.003174 0.006836
0 0.707642 0.366333 0.005615 0.002197
0 0.707764 0.363770 0.005371 0.002441
0 0.708008 0.368896 0.005859 0.001465
3 0.707642 0.357056 0.006104 0.008545
0 0.923584 0.258423 0.016602 0.042725
0 0.923950 0.196045 0.031006 0.023926
0 0.924927 0.223755 0.032471 0.028564
3 0.385986 0.349731 0.019531 0.026123
3 0.452026 0.361328 0.007568 0.010742
3 0.280640 0.364380 0.004150 0.004639
2 0.697021 0.324097 0.021973 0.029053
2 0.924805 0.144043 0.031738 0.036133
2 0.385254 0.320068 0.018555 0.024902
0 0.019531 0.348755 0.014160 0.008057
2 0.266846 0.368042 0.007324 0.009033
3 0.091553 0.354370 0.003418 0.009033
2 0.373291 0.356934 0.006836 0.009277
2 0.023438 0.321777 0.023438 0.029785
0 0.925903 0.173218 0.033447 0.018311
0 0.928589 0.289185 0.039795 0.017334
0 0.077881 0.340210 0.018555 0.005127
2 0.484741 0.361694 0.007568 0.010986
0 0.091675 0.367310 0.004639 0.006592
