0 0.801025 0.436157 0.028809 0.010010
0 0.777588 0.476562 0.005371 0.011719
1 0.784302 0.429932 0.004639 0.007812
1 0.784302 0.437988 0.004639 0.007812
2 0.886475 0.485474 0.005371 0.011475
1 0.868896 0.436646 0.005371 0.008057
0 0.857056 0.437256 0.004639 0.007812
2 0.861572 0.437378 0.003906 0.008057
0 0.784058 0.422241 0.005127 0.008545
0 0.828613 0.435669 0.005371 0.008545
0 0.901733 0.497314 0.002197 0.014648
0 0.795532 0.498535 0.002686 0.006348
2 0.788696 0.437744 0.003174 0.006836
0 0.800903 0.428345 0.029053 0.010498
0 0.797485 0.498169 0.002197 0.005127
0 0.861084 0.495972 0.002441 0.005127
