0 0.482788 0.675903 0.012939 0.013916
0 0.480103 0.710205 0.002197 0.003906
0 0.475952 0.696289 0.008057 0.012207
0 0.476440 0.707031 0.005615 0.008301
0 0.498291 0.676758 0.016602 0.017090
0 0.470459 0.675781 0.004395 0.017090
0 0.470093 0.698853 0.003174 0.002197
0 0.469849 0.702271 0.003174 0.004639
0 0.463013 0.697266 0.002686 0.008301
0 0.462646 0.702759 0.003906 0.001709
0 0.460083 0.713013 0.003662 0.003662
0 0.448120 0.711304 0.002197 0.004639
0 0.483887 0.708862 0.002441 0.006592
0 0.470459 0.689575 0.002930 0.005127
0 0.470215 0.694702 0.002930 0.005127
