3 0.460571 0.486938 0.012939 0.023193
1 0.732666 0.614868 0.014160 0.037354
3 0.614014 0.625122 0.008789 0.015869
3 0.986450 0.623657 0.015381 0.054443
3 0.762085 0.301758 0.019287 0.069336
0 0.983887 0.483765 0.020020 0.044678
2 0.578613 0.606812 0.005859 0.010010
0 0.678589 0.596558 0.030518 0.046631
0 0.932007 0.546997 0.006592 0.013916
2 0.985962 0.549805 0.018311 0.086914
0 0.552856 0.605347 0.013428 0.019775
3 0.367065 0.613281 0.010010 0.006836
0 0.386353 0.625488 0.008545 0.008789
0 0.732544 0.652222 0.007568 0.033936
3 0.386230 0.614136 0.008301 0.012939
0 0.578369 0.615723 0.004395 0.005371
0 0.403442 0.599854 0.005127 0.008789
0 0.525391 0.552612 0.003906 0.007568
0 0.515747 0.573242 0.004639 0.007812
