3 0.558472 0.647339 0.025635 0.036865
0 0.475708 0.567749 0.048096 0.051514
4 0.685425 0.493530 0.059326 0.076904
3 0.557861 0.610962 0.029297 0.035400
0 0.688110 0.556274 0.054443 0.053467
0 0.366089 0.647217 0.005127 0.006348
0 0.414917 0.645752 0.007080 0.007812
0 0.161865 0.632935 0.031738 0.019287
0 0.391968 0.623901 0.009033 0.003662
4 0.414795 0.637939 0.008789 0.009277
0 0.459351 0.573730 0.009033 0.007324
0 0.392212 0.619141 0.008545 0.004395
0 0.392456 0.628052 0.008057 0.004150
0 0.490112 0.572021 0.009033 0.008301
