0 0.778320 0.501465 0.052734 0.047852
0 0.719116 0.501465 0.057373 0.047363
4 0.642090 0.576294 0.012695 0.012939
0 0.728882 0.579468 0.010986 0.020752
4 0.774536 0.581787 0.013428 0.016113
0 0.726196 0.563232 0.019775 0.016113
0 0.742920 0.582886 0.005371 0.012451
0 0.685425 0.553467 0.004639 0.010254
0 0.676880 0.580200 0.030029 0.011475
0 0.518188 0.546753 0.049561 0.015869
0 0.644287 0.576416 0.008789 0.019531
3 0.399658 0.573242 0.004883 0.007324
4 0.728882 0.576294 0.008545 0.009521
0 0.729126 0.585449 0.005615 0.007324
