1 0.175903 0.541870 0.017822 0.024658
0 0.515137 0.506714 0.004395 0.007080
0 0.747803 0.467773 0.005371 0.006836
0 0.392944 0.519165 0.008057 0.010986
0 0.449829 0.513916 0.005615 0.008301
0 0.481567 0.510620 0.005615 0.008545
0 0.466309 0.511963 0.005371 0.008301
1 0.410522 0.517212 0.005615 0.009521
0 0.433105 0.514526 0.005859 0.009033
1 0.373413 0.521606 0.006592 0.010986
1 0.353394 0.523071 0.007568 0.011963
1 0.311646 0.527832 0.010010 0.014648
1 0.330688 0.525269 0.009521 0.014404
1 0.285522 0.530151 0.010498 0.016357
1 0.255371 0.533203 0.013184 0.018555
1 0.219849 0.537720 0.014893 0.021240
1 0.120972 0.549438 0.021729 0.029541
1 0.068359 0.556519 0.025391 0.034424
0 0.543701 0.504517 0.003906 0.006104
0 0.790649 0.446289 0.008545 0.004883
