2 0.329834 0.556519 0.007812 0.011963
0 0.371948 0.579956 0.004639 0.007080
0 0.207275 0.533203 0.005859 0.011230
0 0.212402 0.533447 0.005371 0.012207
0 0.081055 0.527222 0.007812 0.016357
0 0.261230 0.570557 0.014648 0.006836
0 0.261963 0.550293 0.019043 0.024414
0 0.262329 0.564697 0.017822 0.004395
0 0.265869 0.583130 0.003906 0.009521
0 0.249634 0.553345 0.006592 0.014893
0 0.204712 0.583252 0.009521 0.040039
0 0.531738 0.585327 0.003906 0.015381
0 0.457886 0.562622 0.004150 0.009521
0 0.205078 0.534180 0.032715 0.021973
0 0.214966 0.601318 0.020752 0.028320
0 0.204834 0.518066 0.031738 0.021973
3 0.265625 0.572510 0.009766 0.012695
0 0.203979 0.550049 0.035400 0.021973
0 0.372314 0.587891 0.003906 0.002441
