3 0.460693 0.537842 0.007812 0.010742
0 0.457764 0.546143 0.003418 0.006836
3 0.017212 0.535522 0.003662 0.013428
0 0.191650 0.511108 0.012695 0.007080
0 0.594971 0.550659 0.001465 0.011475
0 0.278198 0.545654 0.005127 0.004395
0 0.652832 0.468506 0.020020 0.012207
0 0.653442 0.488647 0.020264 0.016846
0 0.190552 0.521484 0.010498 0.014648
0 0.632568 0.468628 0.019531 0.014404
0 0.180054 0.510376 0.011475 0.008057
0 0.393799 0.544922 0.003418 0.005859
0 0.179688 0.520752 0.011230 0.014648
0 0.633423 0.487793 0.019775 0.025879
3 0.653809 0.512329 0.018555 0.023682
3 0.178711 0.534180 0.010254 0.012695
3 0.633789 0.512207 0.018066 0.024414
3 0.189941 0.534546 0.010254 0.012451
3 0.148804 0.548462 0.007568 0.009521
3 0.332153 0.536011 0.005615 0.009033
0 0.484863 0.544312 0.003906 0.006104
0 0.485107 0.540527 0.004395 0.002930
