3 0.664551 0.598267 0.016113 0.033447
3 0.649658 0.605225 0.003906 0.018066
0 0.496094 0.585083 0.034668 0.026611
1 0.769409 0.591309 0.015381 0.011719
0 0.466309 0.599121 0.019043 0.037598
0 0.664551 0.618164 0.010254 0.007324
1 0.854980 0.585693 0.015137 0.010254
0 0.717896 0.596558 0.006592 0.020264
1 0.678711 0.581543 0.016602 0.012207
1 0.679077 0.604248 0.016846 0.011719
1 0.959717 0.581177 0.014160 0.010498
1 0.511841 0.585693 0.018799 0.013672
1 0.512329 0.616333 0.018799 0.014404
1 0.678955 0.592773 0.016602 0.011230
1 0.512085 0.600952 0.018311 0.013428
