4 0.441650 0.607300 0.018066 0.023193
0 0.706665 0.598755 0.024170 0.026611
0 0.705444 0.588867 0.012451 0.020996
0 0.698486 0.630249 0.004883 0.006104
1 0.691895 0.631836 0.004883 0.003418
0 0.909668 0.616699 0.002930 0.004395
4 0.691284 0.624268 0.006592 0.010254
0 0.908813 0.604614 0.006104 0.014404
4 0.606934 0.627808 0.005371 0.009033
3 0.711304 0.612549 0.007080 0.012695
0 0.722656 0.581421 0.023926 0.030029
1 0.639404 0.618530 0.011230 0.007568
3 0.599976 0.616211 0.007080 0.011719
3 0.599854 0.627686 0.007812 0.009766
4 0.853149 0.611938 0.005127 0.012939
3 0.512085 0.617798 0.011963 0.014404
4 0.638672 0.601685 0.018066 0.025146
1 0.441406 0.623901 0.010254 0.007568
0 0.794922 0.614502 0.008789 0.002930
