0 0.361450 0.573120 0.012451 0.013428
0 0.378174 0.585938 0.004395 0.013184
3 0.819824 0.621704 0.009277 0.012451
0 0.823975 0.690186 0.009766 0.020996
0 0.378540 0.582397 0.005127 0.025635
0 0.393066 0.579468 0.004395 0.019287
1 0.882324 0.620850 0.026367 0.023926
0 0.880859 0.588745 0.030273 0.037354
0 0.823730 0.686890 0.014648 0.039795
0 0.821777 0.651001 0.020020 0.031494
0 0.820068 0.624023 0.013184 0.022461
3 0.745972 0.547485 0.005615 0.026611
0 0.726685 0.576294 0.006104 0.013916
0 0.734375 0.567139 0.006836 0.030273
0 0.701050 0.621094 0.023193 0.031250
3 0.553467 0.617432 0.012207 0.018555
3 0.525146 0.615723 0.012207 0.015625
1 0.509033 0.622803 0.008301 0.008789
0 0.509155 0.614014 0.009033 0.009766
0 0.538696 0.672607 0.003662 0.005371
0 0.347168 0.612793 0.021484 0.029297
0 0.734009 0.619385 0.028076 0.013184
0 0.574707 0.613037 0.029297 0.009277
0 0.555054 0.663208 0.008545 0.012451
0 0.725342 0.574463 0.009766 0.031738
3 0.734985 0.571655 0.004639 0.015381
0 0.700806 0.577881 0.016846 0.011719
