3 0.830444 0.462524 0.019287 0.024658
0 0.444580 0.573853 0.002441 0.009033
3 0.475098 0.370117 0.009766 0.014160
0 0.429688 0.572021 0.003418 0.014648
0 0.314087 0.537231 0.027588 0.037842
0 0.276978 0.527954 0.010010 0.013916
0 0.438965 0.573120 0.002441 0.010986
0 0.407227 0.571045 0.004883 0.019531
0 0.831055 0.479736 0.046875 0.067383
0 0.473755 0.356445 0.010498 0.013184
0 0.353882 0.507690 0.027588 0.044189
0 0.317383 0.356689 0.010742 0.013672
1 0.125000 0.561035 0.004883 0.007324
2 0.318359 0.371826 0.010254 0.013672
0 0.276245 0.537354 0.023682 0.037109
1 0.243652 0.567627 0.007324 0.010254
0 0.455566 0.382202 0.062500 0.080811
0 0.285522 0.383911 0.086670 0.084717
0 0.314087 0.537964 0.010498 0.013916
3 0.788452 0.510986 0.012451 0.016113
0 0.448608 0.574341 0.002197 0.007080
0 0.451050 0.574951 0.001709 0.005859
