0 0.434937 0.685791 0.008545 0.009277
0 0.448730 0.685059 0.009277 0.008301
0 0.512939 0.685913 0.008789 0.004639
0 0.667847 0.684692 0.012939 0.031982
0 0.407227 0.688721 0.011230 0.003418
0 0.431885 0.688232 0.004883 0.008301
0 0.573120 0.687134 0.007568 0.014893
0 0.453735 0.687622 0.009033 0.004639
0 0.586548 0.687500 0.008545 0.018066
0 0.169434 0.517700 0.113281 0.029541
0 0.381348 0.685913 0.011719 0.024170
0 0.400269 0.685547 0.010010 0.020996
0 0.421997 0.687256 0.008545 0.015137
0 0.414917 0.687988 0.008057 0.017578
4 0.549194 0.685181 0.010986 0.010498
4 0.169312 0.584961 0.111084 0.103027
0 0.169556 0.670044 0.113037 0.071533
0 0.305298 0.681030 0.060791 0.031006
0 0.364624 0.683594 0.012451 0.030273
0 0.762695 0.687134 0.068848 0.033936
0 0.626221 0.677490 0.009277 0.007324
0 0.567993 0.686157 0.007080 0.010986
