1 0.520020 0.684082 0.006348 0.009766
0 0.393555 0.652222 0.059570 0.039307
4 0.737915 0.650146 0.031006 0.042969
1 0.484375 0.682129 0.007324 0.014160
0 0.393311 0.651367 0.016602 0.020508
1 0.503174 0.682617 0.005859 0.011230
0 0.529175 0.684326 0.005127 0.008789
0 0.538086 0.683838 0.004395 0.007324
0 0.555664 0.683838 0.003906 0.006836
0 0.547363 0.683716 0.004395 0.007080
4 0.663330 0.655029 0.027344 0.034668
0 0.796875 0.357910 0.046875 0.028320
0 0.743774 0.423340 0.158447 0.104492
1 0.512085 0.683228 0.005615 0.009033
0 0.708618 0.448120 0.019287 0.028076
0 0.684814 0.447510 0.018555 0.027832
0 0.755859 0.447144 0.018555 0.029053
2 0.732422 0.447510 0.018555 0.027832
0 0.803467 0.447388 0.019043 0.028564
0 0.779419 0.448120 0.018799 0.028564
