3 0.649170 0.362915 0.029297 0.054932
0 0.727539 0.501953 0.007812 0.054688
0 0.634033 0.513794 0.013184 0.032959
0 0.625366 0.489136 0.006104 0.017334
3 0.611816 0.472412 0.004883 0.021484
4 0.618164 0.351807 0.040039 0.109375
0 0.566528 0.528076 0.008545 0.005859
0 0.583862 0.506714 0.004150 0.011475
3 0.728271 0.436768 0.010742 0.071777
0 0.583618 0.514404 0.003662 0.004395
0 0.498779 0.522949 0.002930 0.004883
0 0.456787 0.545410 0.002930 0.007324
3 0.456787 0.538574 0.003418 0.005371
0 0.548096 0.546753 0.005371 0.013916
0 0.522705 0.532471 0.002441 0.007324
