3 0.451904 0.666626 0.007812 0.012451
4 0.540039 0.668945 0.010254 0.013184
0 0.452271 0.651978 0.008545 0.010986
0 0.452148 0.644043 0.017578 0.005371
0 0.473267 0.674194 0.017822 0.018799
4 0.475342 0.648682 0.024414 0.032227
0 0.477417 0.629150 0.021729 0.008301
3 0.684204 0.728149 0.010498 0.021240
0 0.540039 0.680054 0.007324 0.006592
0 0.577515 0.676392 0.007080 0.007568
0 0.646606 0.679932 0.007568 0.009277
0 0.290649 0.625244 0.007080 0.013184
0 0.289429 0.640869 0.011963 0.019043
1 0.640259 0.694702 0.009521 0.005127
0 0.592163 0.688599 0.006592 0.004150
