4 0.527344 0.394165 0.008789 0.010986
0 0.443359 0.387085 0.005371 0.012939
0 0.303345 0.391724 0.008057 0.007568
0 0.437012 0.386963 0.004883 0.013184
0 0.520264 0.256958 0.005371 0.010010
0 0.235840 0.421753 0.004395 0.005615
0 0.147583 0.423218 0.026611 0.014404
0 0.402466 0.388672 0.011475 0.010254
0 0.633789 0.424683 0.006348 0.006592
0 0.769531 0.405884 0.008301 0.006104
0 0.291016 0.349976 0.005371 0.006592
0 0.756958 0.406250 0.008057 0.006836
0 0.226318 0.424561 0.023926 0.020508
0 0.251831 0.361206 0.028076 0.043701
0 0.204590 0.420776 0.002930 0.005127
0 0.521484 0.413818 0.004883 0.011230
0 0.299438 0.350220 0.006104 0.006592
0 0.452271 0.386719 0.012939 0.010254
4 0.340942 0.423096 0.005127 0.006836
0 0.286865 0.360352 0.041504 0.042969
0 0.445068 0.404785 0.042480 0.020020
0 0.686401 0.395508 0.009521 0.010254
0 0.479614 0.289429 0.072998 0.086670
0 0.487061 0.388184 0.029785 0.015625
0 0.354980 0.388794 0.005371 0.009033
2 0.256958 0.363159 0.003662 0.004639
0 0.541504 0.289917 0.050293 0.086670
2 0.519897 0.276978 0.006104 0.009033
0 0.427490 0.386963 0.014160 0.012207
0 0.188965 0.420654 0.002930 0.004883
0 0.507446 0.265625 0.010498 0.013184
0 0.603027 0.379883 0.018066 0.007812
0 0.674072 0.395264 0.005371 0.009766
0 0.347412 0.389038 0.005371 0.009033
