0 0.571411 0.748535 0.019775 0.029297
3 0.494019 0.761719 0.007568 0.013184
0 0.642578 0.741943 0.027344 0.019043
3 0.168091 0.738037 0.020264 0.009277
3 0.092773 0.760742 0.019531 0.018066
0 0.495728 0.776001 0.017334 0.014404
0 0.497925 0.786987 0.013916 0.018311
0 0.095703 0.738647 0.019531 0.031006
0 0.150513 0.622314 0.017334 0.023438
3 0.365845 0.760376 0.007568 0.012939
3 0.450073 0.634521 0.013428 0.015625
0 0.522949 0.648193 0.037598 0.014648
0 0.570923 0.769531 0.010010 0.016602
0 0.340088 0.780151 0.014648 0.012939
3 0.431152 0.634033 0.016602 0.021973
