1 0.852661 0.801392 0.024658 0.039795
0 0.514282 0.807739 0.003662 0.006104
0 0.493408 0.789917 0.003906 0.003174
0 0.620850 0.814331 0.008301 0.008057
0 0.493408 0.798096 0.001465 0.002441
0 0.665771 0.818237 0.007812 0.008545
0 0.599976 0.817139 0.003174 0.005859
0 0.596680 0.823120 0.003906 0.014893
3 0.668335 0.824463 0.004150 0.006348
0 0.493408 0.794922 0.001465 0.002441
0 0.658569 0.826538 0.006592 0.011475
0 0.628052 0.803223 0.010498 0.008301
4 0.848877 0.737061 0.050293 0.085449
4 0.636841 0.824707 0.008545 0.016113
1 0.482788 0.803711 0.007080 0.018555
1 0.572144 0.820435 0.004639 0.011963
1 0.529419 0.816528 0.005615 0.014404
0 0.417725 0.815430 0.010742 0.014648
1 0.628052 0.815552 0.010498 0.017822
0 0.462402 0.795654 0.017578 0.024902
3 0.607666 0.821899 0.003418 0.006104
0 0.493530 0.792236 0.001221 0.001465
0 0.627930 0.811523 0.011230 0.025879
