4 0.068115 0.576782 0.029297 0.036865
0 0.701172 0.734131 0.003418 0.004883
0 0.715454 0.697144 0.005615 0.006104
0 0.700439 0.697266 0.005371 0.006348
0 0.740967 0.686646 0.004395 0.006104
0 0.879517 0.663452 0.031006 0.014893
0 0.701538 0.687134 0.003662 0.005615
0 0.734497 0.697388 0.005127 0.007080
0 0.707153 0.697266 0.006104 0.005859
0 0.741211 0.697388 0.005859 0.005127
0 0.735107 0.700317 0.021973 0.021729
3 0.132080 0.688110 0.013672 0.017822
3 0.130859 0.670654 0.035156 0.015137
1 0.066406 0.602051 0.011230 0.012695
0 0.181152 0.667725 0.016602 0.017090
0 0.709473 0.700684 0.025391 0.023438
3 0.637451 0.736084 0.009766 0.013184
0 0.186157 0.655029 0.010498 0.006836
0 0.881714 0.675171 0.016846 0.013916
