3 0.555054 0.477417 0.018311 0.024658
0 0.900269 0.423462 0.045166 0.088623
3 0.896606 0.275146 0.049561 0.065430
3 0.649414 0.518677 0.018555 0.023193
2 0.510376 0.551636 0.010010 0.010986
0 0.243042 0.505249 0.030518 0.020264
0 0.354736 0.491333 0.008789 0.010986
0 0.489258 0.514038 0.008789 0.010498
0 0.325806 0.527954 0.009521 0.012451
1 0.900879 0.326172 0.049316 0.039551
0 0.900024 0.362549 0.072510 0.035645
0 0.519897 0.521362 0.006592 0.009033
0 0.557739 0.502563 0.028564 0.015869
1 0.649048 0.550171 0.018799 0.012939
0 0.649170 0.536621 0.018555 0.012695
0 0.544189 0.553467 0.007324 0.009277
0 0.483398 0.568237 0.004883 0.004639
0 0.483521 0.572876 0.005127 0.005127
0 0.509521 0.560303 0.012207 0.005371
0 0.491089 0.563599 0.002197 0.006592
0 0.491089 0.556885 0.004639 0.006348
0 0.491089 0.569946 0.005615 0.006592
0 0.378052 0.519165 0.007568 0.009033
0 0.356079 0.546021 0.008545 0.009033
0 0.345825 0.563354 0.005615 0.007568
0 0.212646 0.549683 0.006836 0.009521
2 0.037109 0.522461 0.011719 0.013672
0 0.545166 0.569580 0.004395 0.006348
0 0.127441 0.534180 0.002930 0.010254
