3 0.207031 0.515259 0.024414 0.028076
0 0.673218 0.504395 0.015869 0.022949
0 0.182373 0.566528 0.016602 0.005615
0 0.187500 0.560425 0.009277 0.005615
0 0.823730 0.482666 0.117188 0.066406
2 0.844727 0.493774 0.011719 0.015381
1 0.674194 0.523315 0.016846 0.015869
3 0.218872 0.613159 0.017334 0.007080
0 0.804443 0.405640 0.017090 0.013916
0 0.220459 0.605347 0.021484 0.007568
2 0.834106 0.403809 0.033936 0.019043
0 0.820801 0.416382 0.115723 0.067139
3 0.364868 0.555420 0.008545 0.012207
3 0.655762 0.517334 0.022949 0.027344
3 0.140503 0.608276 0.005127 0.014404
0 0.139893 0.625610 0.006348 0.019775
