0 0.099365 0.590576 0.031738 0.037598
0 0.435791 0.732056 0.004395 0.015869
0 0.606934 0.641479 0.009766 0.005615
0 0.360718 0.653687 0.010498 0.005615
0 0.036621 0.584351 0.027832 0.011475
0 0.424316 0.690186 0.002441 0.004883
0 0.600830 0.674194 0.002441 0.014893
0 0.363647 0.697876 0.002197 0.014404
0 0.045044 0.563477 0.019287 0.016602
1 0.697632 0.671509 0.007568 0.019775
0 0.392212 0.691895 0.003174 0.005371
3 0.392090 0.697998 0.002441 0.005859
3 0.531860 0.671387 0.007568 0.013672
0 0.638062 0.601440 0.017334 0.029053
3 0.638916 0.632812 0.018555 0.032715
3 0.531616 0.655151 0.010010 0.018799
2 0.712402 0.527832 0.020020 0.034180
0 0.698486 0.649658 0.010742 0.041992
3 0.436646 0.715454 0.009521 0.017822
3 0.600586 0.656250 0.002930 0.019531
2 0.364014 0.653687 0.002441 0.003662
