4 0.098877 0.411133 0.021973 0.023438
0 0.350586 0.431885 0.003906 0.003418
0 0.241333 0.419556 0.007080 0.008057
0 0.426880 0.417847 0.006104 0.009033
0 0.242310 0.427856 0.006104 0.008057
0 0.019897 0.470093 0.011963 0.010986
3 0.087769 0.441284 0.004639 0.009521
0 0.307739 0.432495 0.004150 0.004150
3 0.122925 0.440430 0.005127 0.007812
1 0.098877 0.428101 0.015625 0.010498
0 0.438110 0.386719 0.030029 0.010254
3 0.297729 0.442749 0.004639 0.005615
0 0.372070 0.442505 0.005371 0.014404
2 0.395630 0.385620 0.007568 0.010010
0 0.437500 0.401123 0.028809 0.020020
0 0.468384 0.419678 0.004150 0.007324
0 0.356567 0.433960 0.004150 0.005615
