0 0.120483 0.635376 0.010986 0.008545
0 0.467407 0.615967 0.002197 0.006348
3 0.473389 0.608154 0.005371 0.009277
3 0.473145 0.617798 0.005371 0.010010
0 0.476562 0.614136 0.004883 0.011475
0 0.513062 0.623535 0.003174 0.004883
3 0.508423 0.603394 0.002686 0.015869
3 0.403198 0.620972 0.002686 0.004639
3 0.381470 0.623291 0.007080 0.013184
3 0.391479 0.604126 0.005615 0.009521
3 0.391479 0.614136 0.005615 0.010010
3 0.366455 0.614014 0.009277 0.015625
0 0.406006 0.614136 0.002930 0.003174
3 0.239746 0.631104 0.004883 0.009766
