4 0.221313 0.593140 0.008057 0.011475
0 0.446167 0.543823 0.004150 0.005127
0 0.655640 0.541992 0.005127 0.008789
0 0.620605 0.530884 0.003906 0.005615
0 0.650269 0.538208 0.006104 0.007080
0 0.650269 0.529541 0.010010 0.011230
0 0.670044 0.525635 0.006104 0.010742
0 0.597168 0.536011 0.009766 0.003662
0 0.445312 0.550659 0.009766 0.019775
0 0.428589 0.580566 0.005615 0.005371
0 0.227905 0.606689 0.007080 0.002930
0 0.427856 0.574829 0.006104 0.007568
0 0.361572 0.586548 0.003906 0.010010
0 0.227173 0.588013 0.011475 0.005127
4 0.361694 0.578125 0.009033 0.009766
3 0.227783 0.594727 0.006348 0.009766
0 0.442993 0.543701 0.003174 0.004395
0 0.631226 0.536865 0.010498 0.003906
0 0.227417 0.602173 0.007568 0.005615
