3 0.622437 0.392456 0.010010 0.012451
0 0.104126 0.454346 0.004150 0.005371
0 0.320679 0.420654 0.008545 0.003906
0 0.238159 0.440308 0.010986 0.022217
0 0.670898 0.409546 0.003418 0.004150
0 0.104492 0.459717 0.003418 0.005371
0 0.137695 0.441040 0.012695 0.017334
0 0.060547 0.459351 0.002441 0.006104
0 0.407349 0.420532 0.003662 0.006104
0 0.736572 0.382935 0.007812 0.003174
0 0.734131 0.398804 0.006836 0.009033
0 0.452148 0.373779 0.068359 0.115234
3 0.532471 0.404419 0.010254 0.013916
3 0.540894 0.398438 0.010010 0.012695
0 0.545776 0.391235 0.010986 0.010010
0 0.587769 0.372803 0.009521 0.017578
