3 0.750854 0.286133 0.009033 0.036621
3 0.389526 0.350830 0.011963 0.018555
3 0.332642 0.349121 0.012451 0.019043
3 0.445801 0.353149 0.011230 0.018799
3 0.330811 0.413452 0.014648 0.025635
0 0.565430 0.379517 0.015137 0.006592
3 0.493042 0.354980 0.010986 0.018555
0 0.611450 0.419922 0.005127 0.019531
0 0.494507 0.429688 0.003174 0.010742
0 0.883789 0.419678 0.005371 0.013672
0 0.726318 0.299927 0.007812 0.030518
0 0.487183 0.440674 0.001709 0.003418
0 0.829102 0.302368 0.014648 0.046143
0 0.945435 0.463501 0.005127 0.010986
