3 0.683960 0.541626 0.010986 0.014404
0 0.368896 0.528687 0.002441 0.004150
0 0.353271 0.533447 0.003418 0.004395
0 0.473389 0.532104 0.015625 0.014893
0 0.393188 0.529907 0.003174 0.004150
0 0.405518 0.530518 0.002930 0.004395
0 0.420410 0.529419 0.002441 0.004639
0 0.457764 0.530151 0.002441 0.004150
2 0.626831 0.487427 0.039795 0.088135
0 0.472534 0.531738 0.007080 0.008789
0 0.375244 0.559570 0.013672 0.021973
0 0.782227 0.529663 0.020996 0.026123
0 0.764893 0.541382 0.012207 0.016846
4 0.484253 0.538330 0.009521 0.012695
0 0.386475 0.535522 0.006836 0.010010
0 0.278320 0.517822 0.008301 0.006348
