0 0.086792 0.106689 0.173584 0.196777
0 0.287964 0.142822 0.186279 0.212402
3 0.227417 0.553833 0.012451 0.015381
2 0.332764 0.568115 0.014648 0.020020
0 0.304688 0.566284 0.022949 0.023193
0 0.228027 0.538330 0.013672 0.016602
0 0.642456 0.583130 0.007568 0.010986
0 0.239990 0.578613 0.004883 0.006836
0 0.198608 0.576172 0.006104 0.008789
0 0.219849 0.610107 0.004639 0.005859
0 0.226929 0.566406 0.009521 0.009277
0 0.243896 0.588623 0.007812 0.008301
0 0.123413 0.553589 0.010010 0.011475
0 0.608398 0.611206 0.002930 0.010010
0 0.009521 0.441650 0.019043 0.058105
0 0.240356 0.597290 0.011963 0.005615
