4 0.328369 0.116577 0.114258 0.134521
3 0.324219 0.737915 0.009277 0.011963
3 0.345703 0.702393 0.017578 0.023926
0 0.430054 0.132446 0.091064 0.059326
0 0.714478 0.751221 0.015869 0.019531
3 0.519287 0.120850 0.093262 0.131836
0 0.148560 0.800781 0.008545 0.016113
0 0.328003 0.207886 0.073975 0.059326
0 0.324219 0.786255 0.009766 0.011963
0 0.347290 0.788208 0.005615 0.009033
0 0.424683 0.765259 0.027588 0.025146
0 0.314941 0.787964 0.004883 0.008057
0 0.715576 0.771118 0.005859 0.016846
0 0.471436 0.760254 0.043457 0.014648
0 0.516846 0.764282 0.045898 0.033447
4 0.428833 0.776611 0.040283 0.034668
