3 0.189453 0.456055 0.012207 0.015625
3 0.411865 0.442139 0.003418 0.010254
0 0.851074 0.414062 0.009766 0.014160
0 0.802856 0.396851 0.009033 0.010498
0 0.792725 0.378906 0.009277 0.010742
0 0.496216 0.434082 0.003662 0.005859
3 0.420898 0.437866 0.003418 0.005127
0 0.792725 0.397217 0.008301 0.010254
0 0.822754 0.395874 0.095703 0.018311
0 0.643677 0.480957 0.011475 0.023926
0 0.823242 0.377930 0.096680 0.018555
3 0.366211 0.444824 0.005859 0.007812
3 0.258057 0.463867 0.004883 0.012207
2 0.568848 0.432983 0.021973 0.029541
0 0.822510 0.414795 0.095703 0.019043
0 0.376953 0.439941 0.003906 0.004883
