3 0.561646 0.568970 0.010010 0.012939
0 0.611816 0.626099 0.024902 0.031982
0 0.665283 0.629639 0.019043 0.025879
0 0.916748 0.659058 0.017578 0.013428
1 0.465210 0.637085 0.005615 0.011475
0 0.546265 0.568726 0.016846 0.014893
0 0.555420 0.595459 0.042480 0.097168
1 0.374512 0.644287 0.003906 0.004883
3 0.175171 0.640869 0.036377 0.044922
0 0.529297 0.473267 0.072266 0.055908
2 0.547119 0.589478 0.016113 0.012939
0 0.615723 0.459473 0.072266 0.081055
1 0.728149 0.632446 0.016846 0.022217
2 0.547729 0.630371 0.006104 0.013184
2 0.640259 0.611328 0.014404 0.029785
3 0.562378 0.609863 0.010010 0.013184
3 0.177246 0.594604 0.036621 0.045654
2 0.901123 0.622437 0.018066 0.034912
3 0.898071 0.654053 0.020264 0.028320
3 0.639404 0.638550 0.019043 0.026611
2 0.547607 0.609863 0.007324 0.010254
0 0.562378 0.630249 0.010498 0.014893
3 0.273926 0.632690 0.016602 0.021240
3 0.478271 0.635986 0.008301 0.010742
3 0.562134 0.589111 0.009521 0.014648
3 0.232788 0.641724 0.006592 0.008545
0 0.518677 0.647949 0.009521 0.008789
0 0.522827 0.438110 0.058838 0.015869
