3 0.275391 0.716064 0.004883 0.008789
4 0.523071 0.716431 0.010010 0.017334
3 0.363770 0.770874 0.017090 0.029541
4 0.586792 0.674438 0.033936 0.046631
3 0.602051 0.702271 0.018555 0.023193
0 0.181519 0.728149 0.005615 0.007080
4 0.837891 0.683594 0.016602 0.028809
1 0.588013 0.704590 0.021729 0.014648
0 0.068726 0.737671 0.005127 0.006104
0 0.665039 0.705200 0.025391 0.011475
1 0.838501 0.700562 0.011963 0.010010
1 0.523315 0.728149 0.006592 0.004639
0 0.454346 0.717041 0.011230 0.009766
1 0.068726 0.742432 0.004639 0.003418
0 0.336304 0.740112 0.006592 0.002686
0 0.181030 0.733521 0.003174 0.003174
0 0.274902 0.723267 0.002930 0.004639
