3 0.758911 0.476685 0.089111 0.107178
3 0.917114 0.529907 0.018311 0.020752
4 0.916870 0.507935 0.021729 0.022705
1 0.526855 0.555542 0.012695 0.005615
1 0.317261 0.545532 0.038818 0.013916
1 0.467896 0.553467 0.019775 0.007812
1 0.579102 0.557007 0.012695 0.005127
1 0.403687 0.550781 0.026611 0.009277
1 0.186401 0.535767 0.068115 0.024170
0 0.703247 0.558228 0.005127 0.006104
1 0.953003 0.534912 0.042236 0.018066
1 0.757935 0.558838 0.045166 0.061035
0 0.691650 0.558228 0.007812 0.004639
0 0.635864 0.557739 0.013428 0.005127
