4 0.466675 0.438721 0.006592 0.011230
0 0.441162 0.422607 0.004883 0.005371
0 0.467041 0.457642 0.002441 0.011475
0 0.449707 0.440552 0.009277 0.007080
0 0.503174 0.258423 0.101562 0.093994
0 0.374390 0.287231 0.009033 0.017334
0 0.373657 0.239868 0.009033 0.016846
0 0.270630 0.241699 0.009521 0.019043
0 0.271606 0.289551 0.010498 0.018066
0 0.271240 0.264648 0.011230 0.018555
0 0.904785 0.239502 0.080078 0.044922
0 0.715088 0.406494 0.006836 0.016113
3 0.532593 0.382812 0.004639 0.008301
0 0.356201 0.264648 0.195312 0.095703
0 0.560425 0.410522 0.014893 0.015381
0 0.739868 0.364014 0.007080 0.020996
0 0.715088 0.416992 0.003906 0.004395
0 0.373657 0.262939 0.009033 0.017090
