3 0.873169 0.326904 0.060303 0.086426
0 0.109131 0.557129 0.008301 0.015137
0 0.084229 0.557007 0.016113 0.015381
3 0.082642 0.521484 0.021240 0.029785
4 0.198486 0.596069 0.031738 0.073486
0 0.435669 0.528198 0.002197 0.006592
0 0.277710 0.535400 0.004150 0.010742
0 0.278320 0.548950 0.006348 0.012451
0 0.434326 0.534546 0.002930 0.004150
0 0.427368 0.524780 0.012939 0.009033
0 0.593018 0.526611 0.004395 0.009766
0 0.570557 0.527222 0.002441 0.007080
0 0.660767 0.519043 0.004150 0.007324
4 0.653564 0.509766 0.012207 0.019531
4 0.901245 0.576538 0.105713 0.205811
0 0.290894 0.590454 0.009521 0.020264
0 0.758057 0.554443 0.028809 0.037598
3 0.434448 0.512207 0.008545 0.013672
0 0.083862 0.542358 0.016357 0.012451
0 0.022095 0.582520 0.005615 0.011230
