2 0.567139 0.431763 0.016113 0.020752
0 0.557983 0.487427 0.003662 0.005615
0 0.553711 0.487305 0.002930 0.004883
0 0.553955 0.494629 0.003418 0.005371
0 0.558228 0.493530 0.003174 0.004150
0 0.597656 0.464722 0.009766 0.013428
0 0.493530 0.428223 0.018799 0.005371
0 0.598267 0.481323 0.008545 0.020264
0 0.558472 0.498535 0.015869 0.037109
3 0.597778 0.446289 0.009521 0.022949
0 0.562622 0.487671 0.003174 0.005127
0 0.921143 0.252441 0.025879 0.048340
0 0.930054 0.426880 0.029053 0.039795
0 0.506958 0.466431 0.006592 0.005615
0 0.558594 0.471680 0.008789 0.018066
2 0.929565 0.376343 0.037354 0.086670
2 0.559326 0.510254 0.006836 0.011230
0 0.566406 0.451416 0.023926 0.017578
0 0.598755 0.503906 0.010010 0.024902
3 0.507446 0.454346 0.010498 0.017090
2 0.195679 0.501953 0.009521 0.018066
0 0.573975 0.405762 0.024414 0.031250
0 0.364136 0.481445 0.001709 0.021973
