0 0.805664 0.546265 0.070312 0.028564
0 0.318115 0.728882 0.012695 0.016846
3 0.670654 0.659424 0.011719 0.030273
0 0.395264 0.743652 0.011719 0.015625
0 0.187500 0.762573 0.012695 0.015869
3 0.500000 0.213989 0.081055 0.087158
3 0.172974 0.780884 0.019287 0.025146
3 0.505005 0.724609 0.007568 0.032715
0 0.239868 0.159790 0.094971 0.094482
0 0.904663 0.624512 0.031494 0.052246
0 0.671997 0.686401 0.010986 0.028564
3 0.899292 0.578735 0.028564 0.053467
0 0.317627 0.739258 0.009277 0.004883
0 0.317505 0.745117 0.009521 0.005371
0 0.317139 0.751831 0.009277 0.006592
