3 0.271362 0.771118 0.013916 0.019287
3 0.600342 0.804321 0.018555 0.031494
3 0.470703 0.794434 0.009277 0.013184
3 0.273315 0.750732 0.015381 0.020020
3 0.600342 0.774048 0.020020 0.027588
4 0.399658 0.812500 0.009766 0.011719
3 0.685303 0.808838 0.005859 0.020020
3 0.384033 0.805176 0.009277 0.012695
0 0.732300 0.752563 0.109131 0.092041
3 0.600830 0.860229 0.034180 0.016846
3 0.657471 0.837280 0.014648 0.022705
0 0.568604 0.803833 0.008789 0.019775
3 0.658691 0.856445 0.017090 0.015137
0 0.732666 0.741089 0.029785 0.037842
