4 0.763306 0.723145 0.024170 0.032715
4 0.485229 0.729980 0.026611 0.039062
1 0.765381 0.743164 0.018555 0.008789
1 0.486206 0.752563 0.019775 0.008545
0 0.559937 0.739014 0.007568 0.007812
0 0.559448 0.726074 0.011963 0.016113
0 0.673218 0.723877 0.009033 0.011719
0 0.591553 0.736938 0.004883 0.006104
0 0.673828 0.732666 0.006348 0.005859
1 0.595947 0.739502 0.007812 0.004883
0 0.600708 0.739136 0.004639 0.006104
1 0.608643 0.739624 0.007324 0.003662
0 0.615967 0.738770 0.004395 0.005371
0 0.633911 0.736328 0.010986 0.006348
0 0.642700 0.734619 0.003662 0.005859
