3 0.418335 0.484741 0.004150 0.012939
0 0.432007 0.483398 0.004639 0.007324
0 0.241455 0.517700 0.010254 0.010010
3 0.286499 0.482300 0.009521 0.010010
0 0.203247 0.476318 0.052979 0.016113
0 0.432617 0.461670 0.006836 0.002441
0 0.410034 0.460327 0.007568 0.002686
0 0.406006 0.467285 0.015625 0.011230
0 0.539795 0.436401 0.014648 0.006592
0 0.425781 0.467163 0.021484 0.007568
0 0.202881 0.450928 0.052246 0.039062
3 0.217896 0.510376 0.012939 0.019287
3 0.188721 0.511353 0.013184 0.019287
0 0.551758 0.484253 0.002930 0.004639
3 0.249878 0.468506 0.016846 0.024414
3 0.401245 0.487305 0.006104 0.007812
3 0.465088 0.434814 0.007324 0.012695
3 0.795898 0.409180 0.036133 0.041992
0 0.390137 0.446289 0.004395 0.007324
0 0.456787 0.494873 0.003418 0.007324
