3 0.487305 0.357422 0.008789 0.015137
0 0.682617 0.226440 0.031738 0.059326
0 0.380859 0.283203 0.036621 0.008301
0 0.465576 0.384766 0.007812 0.009277
0 0.510498 0.322876 0.016113 0.010986
1 0.512207 0.356079 0.013184 0.013428
0 0.681152 0.289795 0.031738 0.059570
0 0.683350 0.227661 0.021973 0.029541
0 0.681763 0.298218 0.017334 0.021240
0 0.511353 0.338745 0.019287 0.020752
0 0.291260 0.352051 0.008789 0.006348
0 0.476440 0.361328 0.006104 0.005859
0 0.309204 0.377197 0.003174 0.005371
0 0.476440 0.352661 0.003662 0.005127
