0 0.160156 0.439209 0.017578 0.025391
0 0.365234 0.567993 0.009766 0.008545
3 0.289307 0.450806 0.015137 0.024170
3 0.143921 0.533813 0.007080 0.014404
0 0.441162 0.524048 0.017090 0.010498
3 0.619019 0.533691 0.015381 0.022461
0 0.378174 0.527100 0.037598 0.032227
3 0.047729 0.526367 0.020264 0.029785
3 0.294678 0.471313 0.009277 0.016357
0 0.223877 0.468262 0.009277 0.015625
2 0.365479 0.554810 0.012695 0.016846
3 0.618896 0.555420 0.016602 0.022461
3 0.491821 0.537354 0.016357 0.019531
1 0.347046 0.588379 0.007568 0.029785
0 0.342041 0.461792 0.023438 0.007568
0 0.375488 0.479614 0.014648 0.005127
0 0.034058 0.477783 0.009033 0.005859
3 0.491089 0.518311 0.013916 0.016602
0 0.028564 0.514771 0.007324 0.003662
0 0.340576 0.503540 0.013184 0.005615
