4 0.590332 0.787842 0.010254 0.013672
0 0.543091 0.762329 0.002197 0.010010
0 0.554810 0.760986 0.003174 0.005859
0 0.509644 0.759888 0.002686 0.009033
0 0.494873 0.757690 0.003418 0.005127
0 0.508545 0.725586 0.013184 0.004883
3 0.366455 0.743896 0.006348 0.008789
0 0.432861 0.765625 0.004883 0.004395
3 0.445190 0.763428 0.006104 0.006348
0 0.423950 0.756714 0.003174 0.005127
0 0.188843 0.661499 0.018311 0.020264
0 0.181641 0.709106 0.023926 0.032471
1 0.186157 0.681152 0.015381 0.018066
0 0.192505 0.630371 0.021240 0.021973
0 0.194580 0.614990 0.016602 0.009277
0 0.196167 0.604736 0.016357 0.011230
0 0.191040 0.645996 0.017334 0.010742
3 0.507446 0.777222 0.024658 0.022217
3 0.431030 0.751221 0.003662 0.006836
3 0.262939 0.739868 0.006348 0.008057
3 0.097412 0.723389 0.003906 0.008301
0 0.577515 0.717651 0.006104 0.005615
