0 0.439941 0.752441 0.008789 0.027832
3 0.641479 0.781860 0.004150 0.006592
0 0.351318 0.774414 0.005371 0.007812
0 0.342529 0.757080 0.015625 0.009766
3 0.280029 0.733032 0.010742 0.012451
3 0.277100 0.755371 0.015137 0.019531
1 0.276367 0.768799 0.014648 0.006348
3 0.755859 0.762573 0.004883 0.006592
0 0.300049 0.778198 0.010742 0.010498
0 0.276733 0.779419 0.011963 0.005615
0 0.279785 0.742432 0.010254 0.007812
0 0.351074 0.780273 0.005859 0.003906
0 0.341797 0.776611 0.016113 0.008789
0 0.342041 0.767212 0.015625 0.009521
