3 0.542480 0.753540 0.014648 0.015381
3 0.875000 0.654297 0.069824 0.089355
0 0.561279 0.784546 0.017578 0.024170
0 0.541870 0.716553 0.017822 0.012207
1 0.543701 0.804077 0.015625 0.014404
0 0.542480 0.733765 0.017578 0.022705
0 0.344604 0.756592 0.010986 0.017578
0 0.543457 0.766846 0.017090 0.012207
1 0.561768 0.804199 0.016113 0.014160
0 0.428955 0.757446 0.010254 0.017334
0 0.560303 0.750732 0.017578 0.020020
0 0.560913 0.766602 0.017334 0.011719
0 0.519775 0.792969 0.006348 0.010742
0 0.543335 0.784424 0.017822 0.023438
