3 0.492920 0.518066 0.004395 0.020508
3 0.640503 0.508545 0.010010 0.017090
2 0.556274 0.361206 0.014893 0.024658
2 0.476440 0.520752 0.005615 0.009766
2 0.787720 0.328491 0.017334 0.029053
2 0.490845 0.504028 0.009033 0.016357
0 0.575439 0.473389 0.007324 0.010742
0 0.489502 0.482666 0.005859 0.009766
0 0.551147 0.525879 0.005127 0.008789
0 0.476440 0.528198 0.005615 0.003662
0 0.136719 0.486572 0.015137 0.005859
0 0.572510 0.521851 0.005371 0.010986
0 0.136353 0.479614 0.014893 0.007568
0 0.136597 0.498169 0.014404 0.007080
0 0.490356 0.516113 0.007080 0.005859
0 0.169800 0.543579 0.010986 0.009521
