0 0.521606 0.564575 0.027100 0.026611
0 0.399902 0.578735 0.005371 0.006592
0 0.389648 0.562134 0.002930 0.004639
0 0.394653 0.582520 0.007080 0.004395
0 0.387939 0.578735 0.002441 0.003662
0 0.149536 0.544922 0.031006 0.026855
2 0.147949 0.572388 0.037598 0.028076
0 0.399658 0.586670 0.004883 0.007324
0 0.369507 0.562012 0.002686 0.003418
2 0.520020 0.590454 0.031738 0.026611
0 0.360840 0.577515 0.001953 0.004150
0 0.399536 0.592163 0.003662 0.006592
0 0.477783 0.564697 0.012207 0.027344
3 0.421631 0.586914 0.007812 0.014160
3 0.316284 0.581909 0.008057 0.014404
0 0.349365 0.581665 0.002930 0.006592
0 0.379517 0.562012 0.002686 0.003418
