0 0.312378 0.848389 0.009033 0.008301
3 0.313354 0.826294 0.010498 0.020752
2 0.680176 0.722168 0.009277 0.012207
0 0.758057 0.684326 0.056152 0.036621
0 0.265381 0.854858 0.010254 0.012939
0 0.312744 0.841064 0.009766 0.005859
3 0.538696 0.782349 0.003662 0.035889
3 0.745972 0.571777 0.063721 0.108398
0 0.756104 0.647583 0.053223 0.043701
0 0.725708 0.662964 0.117920 0.031494
3 0.334473 0.861206 0.004883 0.009033
0 0.727173 0.696411 0.115967 0.025635
0 0.730103 0.723511 0.117432 0.024170
0 0.333984 0.830566 0.008789 0.020996
4 0.620850 0.775757 0.051270 0.064209
0 0.723267 0.632935 0.115479 0.016357
3 0.495117 0.787598 0.030273 0.042969
3 0.481934 0.839478 0.004883 0.015869
0 0.680298 0.694946 0.011475 0.017334
