0 0.902710 0.682617 0.030029 0.068848
0 0.211792 0.682007 0.029541 0.069092
1 0.079590 0.702881 0.007812 0.009277
1 0.253174 0.693237 0.007812 0.007080
0 0.322266 0.682739 0.017578 0.041748
0 0.371704 0.686157 0.012451 0.029541
0 0.418091 0.686890 0.005127 0.013916
0 0.394897 0.685059 0.010986 0.023926
0 0.456543 0.683838 0.010254 0.009766
0 0.459717 0.686401 0.009766 0.005127
0 0.530518 0.683838 0.009766 0.005371
0 0.682129 0.683960 0.012207 0.030518
0 0.748169 0.684448 0.017822 0.041748
0 0.642822 0.683105 0.009766 0.021973
0 0.629028 0.685669 0.007568 0.009033
4 0.429321 0.683716 0.013428 0.013428
4 0.585815 0.681763 0.013916 0.014404
0 0.628540 0.683105 0.009521 0.015137
0 0.383789 0.687744 0.022461 0.007324
