3 0.079224 0.554199 0.010498 0.013672
0 0.118652 0.561523 0.010254 0.012695
0 0.008789 0.543457 0.010742 0.011719
0 0.065918 0.552368 0.011230 0.013916
0 0.132812 0.418823 0.011719 0.012451
0 0.138306 0.377441 0.011963 0.013184
0 0.051270 0.549927 0.008789 0.010986
0 0.037231 0.546875 0.009033 0.013184
4 0.124146 0.489014 0.010498 0.012695
0 0.131226 0.433228 0.011963 0.013916
0 0.133911 0.406738 0.010010 0.010254
0 0.136963 0.390747 0.010742 0.014893
3 0.120117 0.546021 0.009766 0.012451
3 0.126709 0.474487 0.009766 0.013428
4 0.123291 0.503418 0.010254 0.010254
3 0.092896 0.556519 0.010498 0.012939
3 0.023804 0.544189 0.012451 0.014648
3 0.106567 0.558594 0.010498 0.012695
3 0.121948 0.531494 0.009521 0.012207
0 0.129639 0.447144 0.010742 0.012939
0 0.127930 0.460938 0.011719 0.013672
