0 0.444092 0.375122 0.010254 0.014404
0 0.135864 0.381226 0.038818 0.025146
0 0.137085 0.405518 0.016846 0.019043
1 0.463379 0.422485 0.009766 0.006104
0 0.418457 0.414062 0.036621 0.011719
0 0.461914 0.388306 0.009277 0.006592
0 0.463257 0.412720 0.010010 0.012451
0 0.373901 0.411621 0.045654 0.008789
0 0.462402 0.395996 0.019531 0.006348
0 0.457886 0.452148 0.004639 0.010742
0 0.463013 0.403198 0.010986 0.006592
0 0.295776 0.410400 0.008057 0.004883
0 0.419800 0.376709 0.031494 0.019531
0 0.530884 0.410034 0.006592 0.014893
0 0.365845 0.425659 0.006104 0.008057
