0 0.862549 0.405029 0.010742 0.014648
3 0.863037 0.387329 0.014160 0.018799
3 0.630981 0.444580 0.008057 0.008789
3 0.752686 0.442383 0.005371 0.005371
2 0.513672 0.420288 0.009277 0.011963
3 0.493530 0.401855 0.008545 0.011230
0 0.708984 0.372437 0.027344 0.009033
0 0.757446 0.370361 0.030518 0.010742
0 0.380615 0.412720 0.003906 0.006104
0 0.922119 0.395264 0.003906 0.010254
0 0.929810 0.404053 0.013428 0.003418
3 0.668335 0.423340 0.007080 0.006836
0 0.502441 0.436279 0.003418 0.005371
0 0.536743 0.437256 0.003174 0.004395
0 0.690430 0.425903 0.003906 0.005127
