3 0.183716 0.640991 0.013428 0.017334
3 0.239624 0.618896 0.012451 0.014648
3 0.082275 0.632690 0.013184 0.014404
0 0.721313 0.268188 0.156006 0.048584
0 0.724121 0.313721 0.158203 0.046387
0 0.725952 0.359375 0.156982 0.046387
0 0.735840 0.514160 0.161133 0.053223
0 0.732666 0.464355 0.158691 0.049805
2 0.686157 0.266602 0.014893 0.019043
0 0.705078 0.267090 0.016602 0.021484
0 0.691406 0.313477 0.023438 0.017578
0 0.729614 0.413696 0.159424 0.054932
0 0.183472 0.661377 0.012939 0.021484
3 0.341187 0.615112 0.005127 0.010010
0 0.347656 0.639771 0.003906 0.011475
