2 0.211060 0.605225 0.011475 0.015625
0 0.008057 0.652710 0.016113 0.026611
0 0.672607 0.624390 0.011719 0.019287
2 0.224243 0.621826 0.012451 0.016602
0 0.225220 0.640503 0.011963 0.016357
3 0.093384 0.704346 0.010986 0.013672
0 0.223633 0.603394 0.011230 0.014404
0 0.211670 0.623169 0.011719 0.012939
0 0.245483 0.616943 0.010986 0.009766
0 0.226196 0.657959 0.012451 0.014160
0 0.245117 0.600220 0.012207 0.014893
0 0.460327 0.651978 0.001709 0.003662
0 0.237061 0.684082 0.008789 0.011719
0 0.465454 0.649658 0.003174 0.003906
0 0.451172 0.649536 0.002441 0.002686
