3 0.631592 0.574829 0.037598 0.049072
3 0.522827 0.636475 0.009033 0.013184
0 0.513428 0.641235 0.005371 0.008057
0 0.569702 0.613647 0.040283 0.038330
0 0.495972 0.639404 0.004150 0.005859
0 0.650024 0.711548 0.013428 0.035889
0 0.521729 0.671143 0.002930 0.008789
0 0.574463 0.617188 0.002930 0.003418
0 0.558228 0.694092 0.007568 0.019531
0 0.437988 0.640991 0.002441 0.004150
0 0.533203 0.651001 0.003906 0.003174
0 0.437866 0.644409 0.002686 0.001709
0 0.790527 0.604980 0.017578 0.028320
0 0.935547 0.584106 0.025391 0.012939
0 0.789429 0.601074 0.013916 0.016602
0 0.945557 0.572998 0.050293 0.009277
