4 0.431641 0.626099 0.024414 0.025635
0 0.603149 0.510864 0.027588 0.037354
3 0.604492 0.547974 0.028320 0.038330
1 0.439575 0.571899 0.006592 0.003662
0 0.439453 0.577148 0.002441 0.006836
0 0.462036 0.598999 0.002197 0.004639
0 0.444336 0.596558 0.004883 0.007080
0 0.465088 0.598999 0.002441 0.004639
0 0.464478 0.597900 0.009033 0.009277
3 0.441650 0.566040 0.005859 0.008057
0 0.577148 0.557251 0.003418 0.011963
0 0.572632 0.548218 0.011475 0.005127
4 0.598877 0.647827 0.039551 0.057373
3 0.572998 0.538208 0.010254 0.014404
3 0.497681 0.589233 0.003174 0.004639
0 0.376953 0.665894 0.036133 0.018311
3 0.525635 0.568970 0.004395 0.006104
0 0.437378 0.596313 0.005615 0.007080
