0 0.379761 0.592285 0.032959 0.012695
0 0.568115 0.649536 0.002930 0.006104
0 0.441162 0.647949 0.008301 0.006836
0 0.405029 0.626709 0.002930 0.013672
0 0.416504 0.622437 0.020508 0.008057
0 0.372070 0.592651 0.017090 0.011475
3 0.392456 0.590454 0.007080 0.007568
0 0.492798 0.645142 0.004150 0.017334
0 0.411865 0.623291 0.009277 0.006348
0 0.438965 0.649292 0.009277 0.005127
0 0.424316 0.621826 0.003906 0.005859
0 0.673706 0.641846 0.010010 0.012695
0 0.635010 0.575928 0.024414 0.067871
0 0.360962 0.597656 0.004639 0.022949
0 0.310791 0.614624 0.014160 0.048584
0 0.493164 0.658936 0.005859 0.006836
0 0.493286 0.665283 0.003662 0.005371
