0 0.665771 0.387817 0.024902 0.031494
1 0.666138 0.414551 0.017334 0.020020
0 0.187866 0.474854 0.010986 0.049805
4 0.678345 0.463501 0.033447 0.054443
1 0.639893 0.413330 0.016113 0.018066
1 0.715698 0.482178 0.014893 0.017578
0 0.666748 0.363892 0.017578 0.013916
0 0.640747 0.362427 0.018311 0.014893
1 0.653320 0.497925 0.010742 0.048584
0 0.640015 0.387085 0.025146 0.033447
0 0.652954 0.438721 0.027100 0.014648
0 0.717651 0.433960 0.018799 0.015381
0 0.716431 0.457764 0.019287 0.031738
0 0.718628 0.417236 0.016846 0.015137
