0 0.601196 0.657959 0.011475 0.023926
0 0.478638 0.637085 0.004150 0.007568
4 0.599854 0.637695 0.017090 0.029785
0 0.598511 0.695312 0.009033 0.061035
0 0.527832 0.652832 0.002441 0.017578
3 0.597900 0.682373 0.011230 0.029297
0 0.487671 0.644531 0.001709 0.010742
0 0.484253 0.647949 0.001709 0.014648
0 0.483398 0.650146 0.001465 0.013184
0 0.480347 0.652832 0.002686 0.014648
0 0.471924 0.666382 0.003906 0.025635
0 0.475098 0.659668 0.002930 0.021484
0 0.478027 0.655640 0.002441 0.017822
0 0.454346 0.683594 0.005371 0.039062
0 0.138306 0.621948 0.009033 0.010498
0 0.190186 0.670776 0.002930 0.025146
0 0.383545 0.649658 0.001953 0.012207
0 0.359497 0.791016 0.017334 0.125488
0 0.303101 0.658569 0.002686 0.019287
0 0.138916 0.607666 0.008301 0.016113
0 0.484741 0.635498 0.003662 0.006348
0 0.366943 0.650879 0.001953 0.012695
0 0.351196 0.653809 0.002197 0.014160
0 0.390991 0.649048 0.001709 0.009521
