3 0.580933 0.290527 0.007568 0.010742
0 0.491821 0.289673 0.004639 0.008057
0 0.220215 0.244873 0.019043 0.029785
0 0.215454 0.185059 0.027100 0.055176
3 0.215942 0.192017 0.019287 0.031494
0 0.561279 0.291016 0.004395 0.006836
3 0.503784 0.286621 0.004150 0.005859
0 0.492798 0.297119 0.005127 0.006348
0 0.561401 0.283447 0.004150 0.007812
3 0.737427 0.162842 0.022705 0.031250
0 0.727905 0.213257 0.023682 0.039795
0 0.737183 0.155396 0.030029 0.056396
0 0.219238 0.238037 0.030273 0.053711
0 0.739258 0.207153 0.028809 0.056885
3 0.463745 0.295166 0.007568 0.009766
0 0.739380 0.214966 0.022705 0.030518
0 0.492188 0.291016 0.002930 0.004395
