3 0.752808 0.511475 0.063232 0.075684
3 0.749023 0.413574 0.051270 0.066895
3 0.545044 0.526245 0.010498 0.013428
0 0.451660 0.526978 0.013184 0.021240
0 0.362305 0.581665 0.004883 0.006592
0 0.748901 0.414673 0.078369 0.121338
0 0.899658 0.472168 0.024414 0.007812
0 0.362183 0.580688 0.009521 0.016357
0 0.545288 0.535522 0.010986 0.005615
0 0.897705 0.492920 0.009766 0.028809
0 0.354126 0.459961 0.016357 0.024414
0 0.352051 0.503418 0.023926 0.018555
0 0.898682 0.512329 0.008789 0.010986
0 0.897461 0.488892 0.007324 0.014893
0 0.545410 0.516602 0.002930 0.005859
0 0.354126 0.468140 0.024658 0.049072
