3 0.549438 0.693970 0.006104 0.008545
0 0.498901 0.648071 0.005127 0.004150
1 0.549927 0.701294 0.003662 0.006592
0 0.508301 0.647705 0.003906 0.003418
0 0.530029 0.648071 0.018066 0.010498
0 0.504150 0.654053 0.026367 0.011230
0 0.539062 0.700195 0.003906 0.005859
0 0.521362 0.699341 0.003174 0.004639
0 0.504517 0.668701 0.026611 0.018066
0 0.465698 0.714478 0.005127 0.005127
0 0.530273 0.661377 0.018066 0.016602
0 0.489746 0.701904 0.002930 0.004395
0 0.483154 0.700195 0.002930 0.005371
3 0.446411 0.704346 0.003174 0.004395
0 0.530884 0.674072 0.018311 0.006836
