4 0.043579 0.270874 0.018799 0.022217
4 0.074829 0.308716 0.018799 0.024658
0 0.077637 0.281982 0.018066 0.025391
0 0.098022 0.285889 0.019775 0.023926
0 0.097656 0.310303 0.020020 0.023438
3 0.044922 0.300537 0.021973 0.025391
3 0.148926 0.313477 0.005859 0.007812
2 0.126221 0.312988 0.008301 0.013184
0 0.133911 0.312622 0.006104 0.007080
4 0.155640 0.313354 0.006104 0.007568
3 0.163452 0.314331 0.006592 0.008545
2 0.171753 0.313477 0.007568 0.013184
3 0.141724 0.313477 0.007568 0.009277
0 0.007324 0.288208 0.014648 0.028076
