3 0.437866 0.571899 0.016846 0.022217
0 0.560303 0.508301 0.020020 0.026855
0 0.298340 0.567261 0.018555 0.026611
0 0.646851 0.540771 0.021240 0.027832
0 0.750610 0.545166 0.020264 0.025391
3 0.623901 0.612061 0.013428 0.005859
0 0.455566 0.624268 0.014160 0.019043
0 0.297974 0.583008 0.012451 0.012207
0 0.528320 0.591064 0.007812 0.003906
3 0.197021 0.772583 0.070312 0.102295
3 0.538452 0.593750 0.007080 0.008789
3 0.384766 0.525879 0.012207 0.022949
3 0.386230 0.557861 0.007812 0.039062
3 0.200439 0.655640 0.073730 0.127686
0 0.438599 0.589600 0.017334 0.012207
0 0.637939 0.649780 0.016113 0.023193
0 0.749023 0.558594 0.014160 0.013672
0 0.648682 0.562134 0.014648 0.006592
1 0.528931 0.596436 0.009033 0.003906
