2 0.634766 0.807617 0.006836 0.014160
0 0.437500 0.691406 0.011719 0.021973
0 0.470215 0.723633 0.012207 0.021973
0 0.438354 0.793701 0.008057 0.015137
0 0.438232 0.777344 0.008789 0.016602
0 0.438477 0.803833 0.007324 0.005615
0 0.127441 0.748047 0.016113 0.021484
0 0.142090 0.721680 0.009766 0.037109
0 0.411255 0.732544 0.009033 0.016846
0 0.411255 0.745483 0.008057 0.010986
0 0.422119 0.635742 0.027344 0.032227
0 0.047485 0.414917 0.094971 0.088623
0 0.100220 0.380249 0.015869 0.103760
3 0.562012 0.793945 0.004395 0.009277
