0 0.211548 0.482788 0.016357 0.028564
0 0.316650 0.482544 0.007812 0.003662
0 0.310669 0.498657 0.005127 0.008545
3 0.301025 0.491089 0.008301 0.013428
0 0.295166 0.490479 0.007324 0.012695
0 0.360352 0.502441 0.002441 0.007324
0 0.317993 0.498535 0.006592 0.009277
0 0.066162 0.491821 0.007812 0.005127
0 0.317261 0.489380 0.006592 0.007080
0 0.281616 0.504639 0.005615 0.009766
0 0.247070 0.520020 0.002441 0.003906
0 0.247192 0.516113 0.003662 0.005371
3 0.247070 0.509766 0.004883 0.005371
0 0.130371 0.478516 0.007812 0.003418
0 0.210083 0.453491 0.021240 0.041260
0 0.275024 0.486084 0.008057 0.003906
