0 0.874634 0.556274 0.034912 0.051025
3 0.418335 0.554077 0.010498 0.016357
3 0.416870 0.570801 0.008057 0.013672
2 0.400635 0.570923 0.009277 0.015869
0 0.325928 0.554077 0.010254 0.031006
0 0.337524 0.562378 0.009033 0.020264
0 0.874268 0.604370 0.033691 0.047607
0 0.581665 0.572754 0.011963 0.018555
0 0.323486 0.561523 0.002930 0.006348
0 0.327637 0.562134 0.002930 0.005127
0 0.405884 0.563354 0.004150 0.013428
0 0.622681 0.620361 0.016357 0.028320
3 0.337402 0.558472 0.005859 0.010986
0 0.337280 0.576294 0.009033 0.006104
3 0.326172 0.549316 0.007324 0.014160
