3 0.438110 0.804688 0.006104 0.010742
0 0.466553 0.717407 0.004395 0.009033
3 0.437744 0.815796 0.005859 0.011475
3 0.461914 0.723267 0.003418 0.005615
4 0.519531 0.706543 0.007324 0.014648
0 0.319580 0.675537 0.028320 0.014648
0 0.301514 0.642700 0.013184 0.052979
0 0.349609 0.664551 0.023926 0.016113
0 0.318481 0.661865 0.031494 0.014160
0 0.319214 0.708130 0.028076 0.014893
0 0.319702 0.692871 0.028076 0.015137
0 0.342041 0.686279 0.009766 0.013672
0 0.310669 0.690186 0.006592 0.048828
0 0.208130 0.734131 0.023193 0.009766
0 0.486572 0.717651 0.003906 0.007568
0 0.519531 0.721558 0.007324 0.012451
0 0.396606 0.705444 0.005615 0.008057
0 0.447510 0.711792 0.005371 0.008545
