0 0.906616 0.464355 0.047607 0.066895
0 0.777100 0.620972 0.007324 0.004150
0 0.752197 0.628418 0.009277 0.002930
0 0.711792 0.585083 0.014404 0.006592
0 0.538452 0.625977 0.007080 0.003906
0 0.745361 0.600464 0.006348 0.009521
0 0.679932 0.617310 0.008789 0.011475
0 0.680054 0.627686 0.007568 0.007812
0 0.680298 0.638184 0.008545 0.014160
0 0.634644 0.628784 0.002686 0.005615
3 0.602783 0.642944 0.006836 0.004639
0 0.544067 0.627808 0.002686 0.007568
0 0.512329 0.633667 0.004639 0.009521
3 0.619507 0.565796 0.015869 0.046631
