0 0.570923 0.551392 0.019775 0.020264
4 0.792603 0.509644 0.028076 0.053467
4 0.703613 0.576172 0.013672 0.017090
3 0.865234 0.529175 0.017090 0.021729
3 0.865356 0.514038 0.018799 0.012939
1 0.193359 0.563721 0.017578 0.029297
0 0.953247 0.406006 0.063232 0.042480
0 0.580933 0.591675 0.004639 0.008057
1 0.958984 0.520020 0.057129 0.053711
0 0.950806 0.370483 0.062744 0.042725
0 0.954346 0.459229 0.067871 0.079102
0 0.587036 0.591431 0.003662 0.005615
0 0.703979 0.587524 0.006592 0.006592
0 0.614502 0.588379 0.004395 0.005371
0 0.611572 0.587646 0.004395 0.007812
