3 0.510620 0.596191 0.013428 0.022949
0 0.901001 0.508179 0.053467 0.151611
0 0.439941 0.571289 0.014160 0.016113
3 0.813477 0.513184 0.013672 0.038574
0 0.436401 0.569092 0.004639 0.007812
0 0.478760 0.600342 0.005371 0.009277
0 0.510742 0.576660 0.009277 0.015137
0 0.704346 0.559326 0.010742 0.009766
3 0.551025 0.550415 0.009277 0.017822
0 0.746582 0.510742 0.021484 0.022461
0 0.479248 0.611572 0.006836 0.011719
0 0.611328 0.556152 0.013184 0.012695
3 0.899658 0.465332 0.028320 0.052246
3 0.892578 0.369995 0.050293 0.091064
3 0.577271 0.542236 0.012451 0.022461
4 0.809082 0.470215 0.041992 0.077148
3 0.151001 0.485474 0.016846 0.029541
3 0.297363 0.549072 0.013672 0.024414
0 0.550903 0.563110 0.016357 0.047119
0 0.598755 0.559326 0.005615 0.014160
