0 0.715454 0.528564 0.032471 0.041504
2 0.579346 0.567505 0.009766 0.012451
3 0.554443 0.570068 0.009277 0.012207
3 0.553955 0.557373 0.009277 0.011719
3 0.174561 0.562622 0.009766 0.019775
2 0.884766 0.456177 0.039551 0.052490
3 0.190674 0.564819 0.007324 0.013916
0 0.191284 0.546631 0.010986 0.008789
0 0.715698 0.557129 0.023193 0.014648
0 0.190308 0.574951 0.007568 0.005859
0 0.191040 0.554688 0.009521 0.006348
3 0.624390 0.566772 0.003662 0.017822
0 0.112183 0.559937 0.006104 0.007568
0 0.111938 0.563110 0.009033 0.017334
1 0.111938 0.575806 0.009521 0.007568
0 0.332031 0.560059 0.002930 0.013672
