4 0.411255 0.467285 0.014404 0.021484
4 0.613525 0.358887 0.016113 0.022461
0 0.652832 0.375854 0.014648 0.018311
0 0.430054 0.486084 0.008057 0.005371
0 0.763062 0.342773 0.022217 0.027832
0 0.693848 0.364380 0.016113 0.022705
0 0.916504 0.290527 0.034668 0.044922
0 0.577026 0.395264 0.009033 0.013672
0 0.505127 0.487915 0.008789 0.008057
0 0.484741 0.487427 0.010498 0.008545
0 0.360840 0.466919 0.014648 0.021240
0 0.304321 0.454956 0.021240 0.029541
0 0.459595 0.486328 0.008545 0.006348
0 0.186279 0.429565 0.039062 0.047607
0 0.393555 0.474854 0.011230 0.015137
