0 0.334595 0.445312 0.016846 0.004395
1 0.279907 0.490234 0.004150 0.006348
1 0.294067 0.487183 0.004639 0.007568
1 0.305054 0.485962 0.004150 0.007568
1 0.314819 0.486084 0.004639 0.007324
1 0.320923 0.484131 0.004639 0.009766
0 0.440674 0.491699 0.016113 0.012695
0 0.264648 0.493042 0.003906 0.006592
3 0.515991 0.411621 0.031006 0.042480
0 0.105713 0.479248 0.006348 0.007812
0 0.339233 0.488770 0.003174 0.004395
0 0.338501 0.464600 0.003174 0.004883
0 0.338013 0.458618 0.003174 0.004639
0 0.339233 0.476196 0.003174 0.004639
0 0.150513 0.478271 0.006592 0.007812
3 0.516724 0.454346 0.028076 0.042480
0 0.338379 0.454102 0.002441 0.003418
0 0.249146 0.494751 0.004150 0.006104
0 0.336792 0.427246 0.015381 0.006836
0 0.334839 0.449585 0.016846 0.005127
0 0.334473 0.453735 0.017090 0.004639
0 0.333618 0.458740 0.020264 0.005371
0 0.333252 0.464722 0.020996 0.005615
0 0.334839 0.470215 0.019775 0.005371
0 0.333862 0.476685 0.020264 0.007568
3 0.333130 0.489624 0.008057 0.013428
0 0.334106 0.483032 0.020264 0.005615
0 0.515991 0.483398 0.021240 0.018555
0 0.429199 0.461304 0.012695 0.006592
0 0.428711 0.466919 0.003906 0.005127
0 0.429321 0.472412 0.011475 0.004883
0 0.429077 0.478271 0.008545 0.005371
0 0.455200 0.459961 0.034424 0.013184
0 0.334229 0.488770 0.020996 0.005859
0 0.335327 0.464478 0.003174 0.004639
