0 0.489014 0.750610 0.011230 0.027100
0 0.410645 0.733521 0.010254 0.020264
0 0.376953 0.737427 0.013672 0.016357
4 0.466309 0.769409 0.004883 0.008545
0 0.398560 0.753418 0.003662 0.006836
0 0.368164 0.746582 0.009277 0.008789
0 0.394531 0.734497 0.014648 0.019287
0 0.411743 0.721558 0.008545 0.003662
2 0.410522 0.716309 0.003662 0.005859
0 0.397705 0.722412 0.008789 0.003906
0 0.331543 0.759033 0.001953 0.005371
1 0.464478 0.793335 0.004639 0.010010
0 0.505005 0.749512 0.006104 0.011230
0 0.916870 0.681274 0.014404 0.027100
0 0.504761 0.748169 0.016846 0.025146
