0 0.576050 0.616333 0.018311 0.034912
0 0.576416 0.614990 0.009277 0.013672
0 0.434448 0.607178 0.009033 0.013184
0 0.946045 0.484253 0.016602 0.037354
0 0.888062 0.515015 0.015381 0.032959
0 0.594604 0.701660 0.008545 0.010254
0 0.594604 0.692993 0.006104 0.006104
3 0.729126 0.669067 0.006104 0.031982
0 0.384399 0.697998 0.009521 0.013672
3 0.385620 0.674072 0.010010 0.014648
3 0.394897 0.679932 0.008545 0.013672
3 0.639282 0.691650 0.007568 0.009766
0 0.574585 0.710205 0.006592 0.016602
0 0.574585 0.698975 0.006592 0.004883
0 0.976562 0.472168 0.046387 0.110352
0 0.943481 0.483887 0.032959 0.096680
3 0.865234 0.525024 0.017090 0.058838
0 0.887329 0.514160 0.029053 0.086914
0 0.434082 0.607422 0.020508 0.033691
0 0.477417 0.608276 0.018799 0.034912
0 0.477051 0.608154 0.011719 0.012695
0 0.973633 0.477051 0.019043 0.040039
