0 0.567993 0.542847 0.036865 0.074463
0 0.517700 0.549683 0.036865 0.066162
3 0.513672 0.640259 0.004395 0.007080
2 0.222656 0.642456 0.003418 0.016846
3 0.554199 0.663818 0.003906 0.006836
0 0.680786 0.675903 0.007568 0.012939
0 0.871948 0.340820 0.107666 0.148438
2 0.510376 0.574707 0.004150 0.006348
2 0.555786 0.516724 0.004150 0.007568
0 0.706055 0.633423 0.012695 0.007568
2 0.512207 0.525879 0.004395 0.006348
0 0.706177 0.625000 0.011963 0.007324
0 0.705200 0.607544 0.011475 0.006592
0 0.694336 0.614990 0.005371 0.006348
0 0.705688 0.614624 0.012939 0.008057
0 0.694092 0.608154 0.004395 0.007324
