4 0.706543 0.530151 0.027832 0.040283
0 0.874023 0.513062 0.011230 0.021729
0 0.587158 0.510132 0.019531 0.037842
0 0.914307 0.544067 0.011719 0.020264
0 0.873291 0.537842 0.011230 0.020020
0 0.606567 0.408936 0.065186 0.115723
0 0.586060 0.391968 0.011963 0.018799
0 0.585571 0.418091 0.012451 0.018799
0 0.586060 0.444336 0.016357 0.017578
0 0.569824 0.507202 0.015625 0.035400
0 0.565430 0.538208 0.011230 0.019775
0 0.894043 0.528320 0.061035 0.066895
0 0.915039 0.519043 0.011719 0.020996
0 0.900513 0.541504 0.011963 0.020508
0 0.901367 0.517090 0.011230 0.020508
0 0.887451 0.514771 0.011719 0.020752
0 0.886841 0.539795 0.011475 0.020020
