3 0.817139 0.530518 0.021973 0.027344
0 0.728271 0.527954 0.039551 0.045166
0 0.846191 0.576782 0.019531 0.011963
0 0.737549 0.514648 0.006836 0.008301
2 0.718262 0.514648 0.006836 0.008789
0 0.515259 0.573608 0.001709 0.010010
0 0.522095 0.571655 0.001709 0.006592
0 0.727905 0.514648 0.007568 0.009277
0 0.494751 0.583618 0.005615 0.026611
0 0.517212 0.572632 0.001709 0.009521
0 0.500854 0.578491 0.003662 0.019775
0 0.466553 0.595093 0.010254 0.046631
0 0.511475 0.574463 0.002930 0.011719
0 0.519043 0.572144 0.001953 0.007080
0 0.507812 0.576294 0.003418 0.014893
0 0.293335 0.672241 0.042236 0.174072
