0 0.610840 0.646362 0.028320 0.034424
0 0.569946 0.663452 0.002197 0.005127
0 0.574341 0.662231 0.002686 0.006104
0 0.581787 0.661011 0.002930 0.007568
0 0.543701 0.603760 0.004395 0.008301
0 0.554565 0.604492 0.005615 0.008789
0 0.568604 0.595825 0.014160 0.007080
0 0.601807 0.637695 0.005371 0.009277
0 0.618408 0.627808 0.012695 0.008545
2 0.559204 0.594238 0.003662 0.007324
0 0.536011 0.611450 0.023682 0.028564
0 0.152832 0.593262 0.021484 0.162598
0 0.153687 0.560547 0.014404 0.024902
0 0.562622 0.612549 0.025635 0.031250
0 0.153198 0.590454 0.014404 0.025635
2 0.602783 0.625854 0.004395 0.008545
0 0.552734 0.656372 0.005371 0.007568
