0 0.722900 0.211060 0.058105 0.061768
3 0.526978 0.178589 0.022705 0.040771
3 0.682129 0.300171 0.015625 0.031006
0 0.846191 0.280640 0.025879 0.042725
4 0.845825 0.233521 0.025146 0.044189
0 0.777588 0.321045 0.012695 0.020996
0 0.818237 0.303223 0.013916 0.023926
0 0.681763 0.336182 0.011963 0.038574
0 0.763794 0.343262 0.010498 0.024902
0 0.469482 0.280273 0.012695 0.022949
0 0.816895 0.334351 0.016113 0.026611
0 0.778564 0.342407 0.010742 0.017822
3 0.468994 0.252075 0.013184 0.031006
0 0.525879 0.215210 0.020996 0.028564
0 0.794678 0.308105 0.010254 0.022461
