3 0.157227 0.384155 0.014648 0.023682
0 0.702393 0.490356 0.004395 0.014404
0 0.794556 0.528564 0.009033 0.029785
0 0.736816 0.434326 0.013672 0.040527
0 0.781372 0.472046 0.017334 0.016846
0 0.617554 0.506104 0.003174 0.001465
0 0.617920 0.502930 0.002930 0.003906
1 0.511353 0.469604 0.006592 0.004639
3 0.477173 0.485107 0.005127 0.007812
0 0.319946 0.499756 0.002686 0.004395
0 0.792480 0.522705 0.003418 0.005371
0 0.321289 0.492432 0.002441 0.003906
0 0.284302 0.483521 0.028076 0.019287
0 0.265259 0.473389 0.014893 0.006348
0 0.156982 0.404175 0.010254 0.016357
0 0.152588 0.455322 0.005859 0.027832
2 0.523926 0.470337 0.007812 0.010498
0 0.534302 0.468506 0.007568 0.011719
3 0.511108 0.460327 0.010010 0.013428
0 0.477295 0.490234 0.006348 0.002930
3 0.521973 0.459351 0.009766 0.013428
0 0.321533 0.486694 0.002930 0.007080
0 0.794189 0.539795 0.004395 0.003906
