0 0.944092 0.514404 0.034180 0.044434
3 0.940552 0.468872 0.020264 0.026123
0 0.832764 0.503784 0.033203 0.018799
0 0.777344 0.632446 0.021973 0.029053
0 0.793701 0.602905 0.033691 0.019775
0 0.803223 0.541504 0.048828 0.012207
0 0.788330 0.567627 0.037598 0.012695
0 0.787476 0.584229 0.033936 0.019531
0 0.786987 0.555176 0.034912 0.014160
0 0.773682 0.634766 0.005371 0.011719
0 0.315063 0.642822 0.031494 0.013672
3 0.246216 0.647583 0.032471 0.042725
2 0.672852 0.604126 0.008301 0.011475
0 0.940430 0.462524 0.036133 0.057861
3 0.949829 0.514526 0.010010 0.012939
0 0.801758 0.527588 0.046875 0.013672
3 0.831055 0.459839 0.059570 0.065674
0 0.315186 0.628784 0.030762 0.012939
0 0.777710 0.650024 0.021240 0.007080
