4 0.192993 0.486450 0.003174 0.006592
0 0.192993 0.492188 0.001221 0.003906
0 0.961548 0.514038 0.001221 0.005615
0 0.132324 0.494751 0.002441 0.002686
0 0.902344 0.521606 0.001465 0.002197
0 0.334473 0.475586 0.003418 0.007324
0 0.142822 0.493408 0.000977 0.002441
0 0.349121 0.448120 0.006348 0.003174
0 0.206055 0.484131 0.001953 0.006836
0 0.939453 0.516846 0.001953 0.005371
0 0.224976 0.459229 0.003662 0.001953
0 0.225098 0.461548 0.002930 0.002197
0 0.559326 0.486328 0.000977 0.002441
0 0.506226 0.483276 0.001221 0.003174
3 0.196167 0.456055 0.003174 0.008301
3 0.184204 0.456055 0.003662 0.008789
0 0.432373 0.229004 0.048340 0.080566
0 0.450806 0.545654 0.003174 0.010254
0 0.450928 0.541504 0.006348 0.031738
0 0.136353 0.494507 0.001221 0.002686
