0 0.748047 0.337402 0.009766 0.025391
0 0.781860 0.355957 0.005127 0.005371
0 0.357300 0.343140 0.010986 0.018311
0 0.673584 0.330933 0.020996 0.052490
0 0.141357 0.367310 0.011719 0.031494
3 0.747559 0.331421 0.007324 0.010010
0 0.127686 0.334351 0.012695 0.027100
0 0.675659 0.387695 0.014404 0.032715
0 0.219238 0.434082 0.005859 0.009766
0 0.748413 0.353027 0.009521 0.008789
0 0.221558 0.359253 0.016357 0.008545
0 0.184692 0.379761 0.006104 0.021729
3 0.904053 0.340942 0.005371 0.009521
3 0.872314 0.344360 0.006836 0.011963
0 0.676270 0.409058 0.014160 0.019287
3 0.140991 0.358398 0.008057 0.012695
0 0.674561 0.365112 0.019531 0.017822
0 0.161255 0.362061 0.010498 0.016113
3 0.673340 0.319580 0.015625 0.021484
0 0.781860 0.349731 0.007568 0.010010
