4 0.794189 0.497437 0.021484 0.024170
3 0.425659 0.499146 0.014404 0.018799
4 0.647949 0.495850 0.018555 0.020996
0 0.351318 0.498047 0.020996 0.025879
3 0.410400 0.517456 0.004883 0.006104
4 0.714355 0.509766 0.008789 0.010742
0 0.794922 0.511597 0.017578 0.006592
0 0.605591 0.524902 0.025635 0.032715
0 0.425659 0.512085 0.014893 0.006592
1 0.349731 0.517700 0.018799 0.010010
0 0.647339 0.508911 0.014893 0.007080
1 0.605713 0.555420 0.026367 0.012207
3 0.458252 0.513184 0.004883 0.005371
0 0.607422 0.501221 0.017090 0.021973
