4 0.142944 0.434326 0.008057 0.010742
2 0.262939 0.303589 0.006836 0.010010
0 0.350464 0.444458 0.002686 0.004150
0 0.381714 0.418701 0.021729 0.010742
0 0.316406 0.444946 0.004883 0.006592
0 0.243774 0.360474 0.006592 0.005615
2 0.344116 0.405029 0.007568 0.015137
2 0.225708 0.340942 0.010498 0.013916
0 0.083008 0.434937 0.005371 0.003662
0 0.242676 0.395508 0.011719 0.026367
2 0.256348 0.306152 0.008301 0.012695
0 0.378540 0.426270 0.004150 0.010254
0 0.342651 0.418823 0.008545 0.004639
0 0.246094 0.306152 0.100098 0.038086
0 0.367554 0.422607 0.018799 0.005859
0 0.246338 0.341553 0.099609 0.037109
2 0.243408 0.372925 0.007812 0.017334
3 0.354370 0.426758 0.010986 0.014160
0 0.344238 0.414551 0.008789 0.004883
2 0.247192 0.308105 0.011475 0.014648
