3 0.781250 0.605835 0.019531 0.034424
0 0.263550 0.612671 0.023193 0.013916
3 0.131592 0.631348 0.009766 0.012207
0 0.514404 0.606079 0.018555 0.010986
0 0.461914 0.644409 0.011719 0.004639
0 0.486084 0.656616 0.005371 0.004639
0 0.450073 0.644043 0.004639 0.005859
0 0.480713 0.664062 0.004395 0.003418
0 0.454102 0.660156 0.007812 0.002930
0 0.486572 0.663818 0.003418 0.002930
0 0.481079 0.661133 0.004150 0.002930
0 0.485962 0.666870 0.002197 0.001709
0 0.486450 0.660889 0.003662 0.002930
0 0.494385 0.670166 0.003418 0.008301
0 0.480469 0.657471 0.004395 0.004883
0 0.247070 0.611694 0.005859 0.011963
0 0.480957 0.668579 0.004883 0.005615
0 0.486206 0.671875 0.002686 0.006836
0 0.121582 0.700439 0.008789 0.008301
0 0.505737 0.667969 0.004639 0.009277
0 0.477539 0.674805 0.003418 0.006348
0 0.499512 0.668945 0.003906 0.009277
0 0.490356 0.671631 0.003174 0.008301
0 0.480225 0.674194 0.002441 0.006104
0 0.509644 0.660767 0.004150 0.003174
0 0.591064 0.684692 0.007324 0.007568
0 0.509155 0.664795 0.007080 0.013184
