0 0.765625 0.594849 0.018066 0.031494
0 0.947144 0.589233 0.015381 0.030518
0 0.948242 0.611206 0.007812 0.013428
0 0.766357 0.624878 0.007324 0.015869
0 0.744385 0.639893 0.024414 0.029785
0 0.690063 0.567383 0.043701 0.058594
0 0.706665 0.530151 0.011963 0.014893
0 0.993652 0.568237 0.004395 0.025146
3 0.726807 0.607056 0.007812 0.021729
0 0.681274 0.556152 0.013428 0.018555
2 0.699097 0.555420 0.012939 0.019043
0 0.951050 0.584106 0.005615 0.012939
0 0.761719 0.603271 0.005371 0.007812
0 0.943604 0.584839 0.005371 0.012939
