0 0.203491 0.822144 0.010010 0.013916
3 0.428223 0.878052 0.003906 0.007568
0 0.427368 0.893555 0.003174 0.005371
4 0.595337 0.839722 0.027588 0.039307
3 0.510132 0.660889 0.016357 0.026855
0 0.595825 0.863525 0.010498 0.009766
0 0.211914 0.807373 0.004883 0.015137
0 0.421997 0.883179 0.002197 0.004150
0 0.525024 0.844727 0.009033 0.018066
3 0.477295 0.658325 0.016602 0.027100
3 0.957642 0.592407 0.019287 0.045166
0 0.203125 0.809082 0.011230 0.011230
0 0.750732 0.850830 0.002441 0.013184
0 0.756836 0.851562 0.007812 0.013184
