3 0.589478 0.317261 0.010986 0.020264
3 0.438477 0.357300 0.007324 0.013428
3 0.588867 0.342041 0.011230 0.019531
3 0.436279 0.400635 0.007812 0.008789
3 0.526978 0.388916 0.008057 0.008301
0 0.520020 0.330688 0.024414 0.037354
0 0.436279 0.391235 0.007324 0.010986
0 0.526611 0.395752 0.007324 0.005371
0 0.438477 0.366577 0.005859 0.005127
3 0.436523 0.378906 0.007324 0.014160
0 0.529053 0.317261 0.004395 0.008057
0 0.524902 0.333130 0.003418 0.007080
0 0.588867 0.357178 0.010742 0.011230
0 0.436279 0.407227 0.007324 0.004883
