0 0.131470 0.487183 0.030518 0.018799
3 0.397949 0.442505 0.004883 0.006104
3 0.542603 0.421875 0.009033 0.013184
0 0.254761 0.449341 0.003662 0.004639
3 0.659912 0.407959 0.009277 0.014160
0 0.696777 0.383301 0.007812 0.008301
0 0.254639 0.450684 0.006348 0.009277
0 0.397827 0.447388 0.005127 0.003662
3 0.161621 0.436768 0.006836 0.038574
0 0.326172 0.473633 0.004395 0.005371
0 0.281128 0.469727 0.003662 0.005371
0 0.542358 0.432251 0.009521 0.007568
0 0.661011 0.418579 0.009033 0.008545
0 0.314331 0.475952 0.003174 0.004150
