3 0.739258 0.495850 0.016602 0.023438
4 0.613892 0.525024 0.010498 0.011963
3 0.583130 0.531006 0.004639 0.006348
0 0.619263 0.537720 0.008545 0.012451
4 0.624878 0.525879 0.012451 0.013184
0 0.055664 0.520264 0.057617 0.110840
0 0.505249 0.511353 0.004150 0.005127
0 0.531372 0.511597 0.004150 0.005615
0 0.542236 0.510620 0.004883 0.007568
0 0.580200 0.541382 0.012939 0.009033
0 0.473022 0.542847 0.004150 0.010010
0 0.517700 0.511719 0.003662 0.005859
0 0.572266 0.533081 0.005371 0.008057
0 0.572510 0.540283 0.006348 0.008301
0 0.438110 0.541260 0.007568 0.018555
