3 0.383057 0.474609 0.015625 0.031738
0 0.476196 0.468628 0.003662 0.004150
0 0.501099 0.461182 0.003174 0.005859
0 0.669434 0.327881 0.057129 0.020020
0 0.501587 0.465698 0.003662 0.002686
0 0.476196 0.460938 0.003662 0.009766
0 0.484619 0.477295 0.003418 0.007324
0 0.484497 0.469604 0.003174 0.009033
0 0.384277 0.505737 0.013184 0.014404
0 0.625000 0.285156 0.023926 0.027344
0 0.534302 0.478760 0.011475 0.020508
3 0.855225 0.435547 0.025391 0.044922
3 0.638916 0.488647 0.014648 0.042725
0 0.665649 0.350464 0.050537 0.019287
2 0.638672 0.423706 0.034180 0.063232
1 0.854736 0.471558 0.026367 0.031006
0 0.259766 0.439331 0.007324 0.013428
3 0.385254 0.440308 0.018066 0.031006
0 0.309692 0.420288 0.010498 0.020752
0 0.624878 0.301880 0.024170 0.028076
