4 0.502686 0.616577 0.014160 0.019775
0 0.233521 0.572632 0.008545 0.013916
0 0.180786 0.576050 0.009521 0.025146
0 0.070068 0.668701 0.009766 0.009277
0 0.429932 0.614380 0.004395 0.003174
0 0.397461 0.607178 0.003418 0.009766
0 0.680420 0.595337 0.011719 0.010010
0 0.462769 0.611084 0.006104 0.010742
0 0.430176 0.609131 0.005371 0.006836
0 0.242310 0.573730 0.009033 0.012695
0 0.180420 0.598633 0.009277 0.018066
0 0.240479 0.591797 0.008301 0.022949
0 0.680542 0.587891 0.022705 0.009766
0 0.070679 0.655396 0.022217 0.012451
0 0.822876 0.548218 0.045166 0.058838
0 0.225342 0.631470 0.009766 0.024170
3 0.229980 0.611694 0.007812 0.014893
0 0.723999 0.583496 0.009033 0.017090
2 0.072144 0.637939 0.013428 0.018555
3 0.238159 0.612305 0.007568 0.013672
0 0.231812 0.592896 0.008545 0.023193
