3 0.626831 0.511719 0.019287 0.020996
0 0.523560 0.508057 0.014404 0.004883
0 0.611084 0.541748 0.004395 0.003418
0 0.758423 0.543213 0.006592 0.003418
0 0.758179 0.537720 0.006592 0.008057
0 0.666870 0.546875 0.003174 0.001465
0 0.593994 0.537231 0.005859 0.007568
0 0.529419 0.554321 0.008545 0.007568
0 0.712036 0.511108 0.024170 0.010498
0 0.711914 0.498291 0.024902 0.010254
0 0.523193 0.500366 0.014160 0.005615
0 0.604858 0.540405 0.003662 0.005615
3 0.529785 0.544189 0.010742 0.013672
3 0.663452 0.504639 0.025146 0.033203
3 0.451904 0.543091 0.024414 0.036377
0 0.315430 0.480713 0.014648 0.011719
0 0.314697 0.490967 0.012207 0.011230
