3 0.515259 0.281372 0.022705 0.030029
1 0.639282 0.578369 0.044189 0.118652
0 0.525146 0.551514 0.033691 0.034180
3 0.553101 0.595581 0.006592 0.016846
0 0.857178 0.552979 0.020508 0.016602
3 0.112427 0.624268 0.010010 0.014648
3 0.553589 0.638550 0.009521 0.027100
0 0.924072 0.546021 0.018066 0.022217
3 0.866089 0.574829 0.012451 0.023682
0 0.240723 0.556396 0.024414 0.008301
0 0.515137 0.297485 0.033203 0.064209
0 0.515015 0.340698 0.034424 0.024170
0 0.866699 0.579346 0.016602 0.034668
0 0.553101 0.668579 0.004639 0.031982
1 0.931641 0.518921 0.043457 0.018799
0 0.111572 0.639282 0.006348 0.015381
0 0.221558 0.567505 0.009033 0.006104
0 0.222290 0.556152 0.009033 0.017090
0 0.553467 0.598633 0.008789 0.025879
0 0.222534 0.552368 0.006592 0.007568
