0 0.203613 0.481323 0.054199 0.073486
1 0.044434 0.603760 0.010254 0.009766
1 0.156128 0.610352 0.005127 0.008789
4 0.044800 0.590332 0.013916 0.018555
0 0.108154 0.602905 0.004883 0.008545
1 0.445679 0.592529 0.014893 0.021973
1 0.587769 0.569458 0.004150 0.011475
1 0.593506 0.569580 0.005371 0.012207
0 0.668945 0.472900 0.022461 0.007812
0 0.641479 0.473022 0.018799 0.007080
0 0.993652 0.601074 0.012207 0.116211
1 0.613159 0.931519 0.004639 0.010986
1 0.606567 0.930664 0.005615 0.009766
0 0.642090 0.489746 0.017090 0.008789
0 0.671265 0.512573 0.003662 0.007568
