0 0.470337 0.692017 0.048096 0.027588
0 0.395142 0.763062 0.003174 0.004150
0 0.409790 0.738403 0.010498 0.002686
0 0.407471 0.763794 0.006836 0.006104
0 0.460815 0.686279 0.008545 0.010254
0 0.401855 0.764648 0.003418 0.004395
0 0.470337 0.675171 0.033447 0.011475
0 0.909912 0.437744 0.021484 0.033203
0 0.468994 0.686523 0.006348 0.009277
0 0.365723 0.740112 0.010742 0.009033
0 0.409302 0.743286 0.015869 0.007080
0 0.717163 0.761108 0.013428 0.021240
0 0.921387 0.434692 0.140625 0.140381
2 0.557861 0.753418 0.030273 0.023438
3 0.494751 0.759277 0.008057 0.014648
4 0.435547 0.759888 0.005859 0.008545
0 0.877197 0.434082 0.027344 0.032715
