0 0.470825 0.547729 0.005615 0.009033
0 0.868164 0.533325 0.010254 0.031006
0 0.470215 0.537476 0.006348 0.007080
0 0.482422 0.544067 0.003418 0.006104
0 0.484985 0.543701 0.002686 0.008301
0 0.486816 0.543945 0.000488 0.004395
0 0.477905 0.547241 0.004150 0.005615
0 0.746826 0.598022 0.005371 0.025146
0 0.877808 0.524170 0.010010 0.018555
0 0.877686 0.537842 0.008789 0.008789
0 0.813721 0.537231 0.005859 0.009033
0 0.813477 0.525024 0.006348 0.014404
0 0.783569 0.540039 0.003662 0.008789
0 0.782104 0.530884 0.005127 0.013916
0 0.693970 0.542847 0.004639 0.006592
0 0.693481 0.532227 0.004639 0.013184
0 0.706421 0.755615 0.024658 0.084473
0 0.515625 0.556030 0.009277 0.010986
