0 0.511597 0.749146 0.011475 0.011475
0 0.586914 0.757080 0.004395 0.005859
0 0.576904 0.765991 0.004883 0.003662
0 0.274536 0.733398 0.010986 0.009277
0 0.358032 0.749878 0.003174 0.005615
0 0.624512 0.764038 0.005371 0.010986
0 0.587524 0.765503 0.004150 0.001709
0 0.587036 0.749878 0.003662 0.008057
0 0.263916 0.734619 0.008789 0.007324
3 0.609741 0.761963 0.008545 0.002930
3 0.749756 0.739624 0.011719 0.023682
3 0.764404 0.730591 0.010742 0.011475
0 0.577637 0.736572 0.011719 0.005371
0 0.763184 0.708984 0.020508 0.027344
0 0.537476 0.766479 0.003662 0.007080
0 0.587158 0.762573 0.003906 0.004150
0 0.584229 0.766479 0.004395 0.004639
