0 0.269409 0.559570 0.041260 0.046875
0 0.266846 0.587280 0.039062 0.020752
0 0.158691 0.506958 0.034668 0.028076
2 0.604492 0.381470 0.056641 0.107178
2 0.606812 0.520020 0.044678 0.088867
3 0.009033 0.552612 0.018066 0.031006
0 0.605835 0.454590 0.053955 0.062012
1 0.606934 0.581299 0.044434 0.048340
0 0.208862 0.574951 0.007080 0.011230
0 0.155273 0.543945 0.013184 0.011230
0 0.005127 0.583984 0.009277 0.036133
0 0.144165 0.543457 0.005127 0.004395
0 0.064453 0.522949 0.006348 0.005371
0 0.017578 0.490112 0.027344 0.024170
4 0.014038 0.509399 0.028076 0.035889
