0 0.468140 0.669067 0.005127 0.009033
0 0.209595 0.674805 0.017822 0.023438
0 0.467041 0.654297 0.004883 0.006348
0 0.235718 0.670166 0.006592 0.010742
0 0.252319 0.678101 0.014404 0.005615
0 0.793457 0.648926 0.004883 0.004883
0 0.393799 0.666504 0.012695 0.004395
0 0.298706 0.687378 0.005127 0.010498
0 0.462524 0.663330 0.004639 0.007324
0 0.419678 0.681396 0.007324 0.010254
0 0.391602 0.686401 0.006348 0.007568
0 0.372681 0.684204 0.004150 0.005127
0 0.342896 0.685669 0.004150 0.005615
0 0.325562 0.688721 0.003174 0.008789
0 0.082153 0.695801 0.007568 0.019531
0 0.794189 0.654053 0.004395 0.002930
0 0.794189 0.657471 0.004395 0.003418
0 0.394897 0.666504 0.007568 0.002930
