0 0.644287 0.510254 0.015137 0.026855
3 0.202515 0.241943 0.033447 0.053711
0 0.453857 0.209839 0.036133 0.056396
0 0.165649 0.244873 0.034424 0.052246
4 0.440796 0.563599 0.007568 0.009521
0 0.305786 0.232544 0.035889 0.052979
0 0.340576 0.228882 0.034180 0.053955
0 0.640869 0.439453 0.055176 0.086914
0 0.490112 0.202393 0.036377 0.054199
0 0.512207 0.539185 0.014648 0.013428
2 0.306030 0.238647 0.027588 0.031982
2 0.340576 0.234863 0.027344 0.033203
3 0.644165 0.506104 0.009521 0.012695
0 0.422852 0.566284 0.003418 0.004150
