2 0.093628 0.464355 0.005127 0.009766
0 0.615845 0.504272 0.009033 0.006592
0 0.605469 0.499512 0.003906 0.002441
0 0.632690 0.495117 0.005615 0.004395
0 0.590942 0.502563 0.002686 0.002197
0 0.632446 0.490479 0.005615 0.003418
0 0.590942 0.500610 0.003174 0.001709
0 0.698242 0.494873 0.003906 0.009766
3 0.160645 0.411377 0.022461 0.032715
3 0.493896 0.343750 0.026855 0.036133
3 0.522827 0.457764 0.016846 0.023438
0 0.692505 0.470215 0.011963 0.015625
0 0.605347 0.496582 0.004150 0.002930
3 0.482300 0.409424 0.019775 0.034668
0 0.623779 0.492920 0.007324 0.009766
0 0.584351 0.503906 0.007080 0.006836
0 0.051147 0.472534 0.010498 0.023682
0 0.493530 0.452637 0.027100 0.020508
0 0.673218 0.480103 0.011963 0.006104
0 0.366455 0.462036 0.015625 0.008057
0 0.256836 0.426758 0.009766 0.012207
0 0.093140 0.472900 0.006104 0.006348
2 0.632446 0.485474 0.005615 0.006592
2 0.605347 0.492065 0.003662 0.006104
0 0.590820 0.496704 0.002930 0.005127
3 0.623657 0.482056 0.007568 0.010498
0 0.673706 0.485962 0.012451 0.005615
