0 0.544434 0.527344 0.030273 0.020996
0 0.503296 0.516113 0.026123 0.006348
0 0.502808 0.508911 0.025635 0.011963
0 0.553711 0.502930 0.047852 0.031738
0 0.776367 0.477295 0.078613 0.047363
0 0.521240 0.511353 0.009277 0.014893
0 0.267212 0.536743 0.001709 0.006592
3 0.247559 0.523315 0.005371 0.009521
0 0.247559 0.530029 0.003418 0.003418
3 0.280884 0.553955 0.004150 0.013184
2 0.750610 0.433105 0.031982 0.053223
3 0.609375 0.520386 0.013184 0.016357
3 0.608765 0.448364 0.011475 0.014893
3 0.608765 0.433105 0.011475 0.015625
0 0.808594 0.497803 0.018066 0.023926
0 0.540894 0.526855 0.006104 0.008301
0 0.549072 0.509277 0.018555 0.009766
