4 0.491089 0.471313 0.009033 0.014404
2 0.084595 0.501953 0.010010 0.015625
0 0.497925 0.470581 0.004150 0.003174
0 0.503784 0.484375 0.002686 0.003418
0 0.503418 0.475830 0.003418 0.006348
0 0.483521 0.504272 0.001221 0.008545
0 0.503540 0.480469 0.002686 0.004395
0 0.498047 0.465210 0.002930 0.007080
0 0.468628 0.508057 0.001709 0.011719
0 0.474609 0.505859 0.001953 0.010254
0 0.478882 0.504761 0.001709 0.009521
0 0.459351 0.507202 0.003174 0.015869
0 0.465088 0.506958 0.002441 0.013916
0 0.449829 0.509766 0.003662 0.018066
0 0.395996 0.527100 0.006836 0.032227
0 0.423950 0.517700 0.004639 0.024658
0 0.119385 0.618164 0.025391 0.100098
0 0.085205 0.505127 0.013672 0.026855
0 0.362671 0.539551 0.007568 0.039062
0 0.297119 0.560181 0.008301 0.043701
