0 0.658081 0.411377 0.075928 0.024414
0 0.470337 0.642578 0.005127 0.003418
0 0.566284 0.626587 0.008545 0.013916
0 0.495239 0.656494 0.006104 0.008789
1 0.495117 0.647461 0.004883 0.005371
0 0.494995 0.640137 0.008545 0.009277
0 0.494385 0.631470 0.006836 0.009521
0 0.470337 0.628662 0.007080 0.012695
0 0.419922 0.619873 0.006348 0.010254
0 0.520264 0.597534 0.008789 0.006592
0 0.520386 0.613281 0.011963 0.012695
0 0.470459 0.638184 0.004883 0.005859
0 0.520386 0.604126 0.009521 0.006104
0 0.718750 0.502563 0.026855 0.018311
0 0.717285 0.485107 0.025391 0.017090
0 0.455688 0.620239 0.014404 0.005615
0 0.570312 0.416260 0.033203 0.033203
1 0.722534 0.555908 0.024170 0.021973
3 0.437866 0.391846 0.031982 0.050781
3 0.524536 0.630981 0.012939 0.018311
3 0.443359 0.619629 0.006348 0.010254
3 0.569336 0.374878 0.032715 0.049561
0 0.720947 0.527832 0.033691 0.035156
0 0.715332 0.470215 0.051270 0.012695
0 0.567017 0.640137 0.007568 0.013672
