3 0.307007 0.699097 0.005615 0.009033
0 0.359253 0.663330 0.012939 0.022949
0 0.362061 0.670776 0.005371 0.006592
0 0.342529 0.669800 0.016113 0.011475
0 0.212891 0.665283 0.016602 0.015625
0 0.325439 0.680298 0.003418 0.007568
0 0.384155 0.674561 0.017822 0.004395
0 0.356079 0.671509 0.005127 0.006592
0 0.179321 0.680542 0.004150 0.008057
0 0.362671 0.656372 0.005127 0.005615
0 0.312622 0.677368 0.014893 0.008057
0 0.180054 0.669556 0.006104 0.012939
0 0.307129 0.702637 0.008301 0.017578
0 0.335449 0.678223 0.006836 0.006348
3 0.009033 0.710815 0.005859 0.006104
2 0.420044 0.678223 0.003174 0.010742
0 0.356689 0.655762 0.005371 0.006836
0 0.335327 0.689575 0.008057 0.012451
0 0.361816 0.663452 0.005371 0.006592
3 0.356323 0.663330 0.005127 0.006836
0 0.311157 0.688232 0.007568 0.012207
0 0.424316 0.675537 0.004395 0.003906
