4 0.551636 0.561157 0.007568 0.010498
0 0.493652 0.540283 0.011230 0.005371
0 0.533203 0.563110 0.003418 0.004150
0 0.863037 0.463623 0.019531 0.012207
0 0.862549 0.440063 0.025879 0.026123
0 0.533081 0.559204 0.003662 0.003174
0 0.533203 0.555786 0.005371 0.003662
0 0.465088 0.539429 0.003418 0.005127
0 0.533081 0.552246 0.003662 0.002930
0 0.837646 0.464355 0.020020 0.012695
0 0.860962 0.419189 0.019287 0.012695
0 0.835815 0.419434 0.019775 0.013184
0 0.865601 0.510498 0.017334 0.021973
0 0.864380 0.484863 0.020752 0.025879
1 0.839722 0.511597 0.018311 0.022705
0 0.838379 0.485352 0.020996 0.025391
4 0.600464 0.545166 0.011475 0.007812
0 0.836792 0.440796 0.024170 0.026123
0 0.533325 0.567505 0.002686 0.003174
