3 0.098633 0.495239 0.013672 0.014893
0 0.718506 0.488159 0.009277 0.012939
0 0.285034 0.492065 0.005615 0.010498
0 0.355591 0.528809 0.007080 0.038574
0 0.351807 0.429199 0.019043 0.007324
0 0.629150 0.504517 0.003418 0.014893
0 0.649170 0.497437 0.002930 0.010010
0 0.599121 0.516602 0.004395 0.025391
0 0.585083 0.509033 0.002686 0.011719
0 0.688477 0.512085 0.004883 0.023682
0 0.590454 0.506592 0.002197 0.012207
0 0.351440 0.439209 0.018311 0.006836
0 0.322510 0.512695 0.004395 0.016602
0 0.466797 0.522583 0.004883 0.028564
0 0.431763 0.434570 0.056396 0.032715
0 0.628540 0.491089 0.004639 0.006592
0 0.299194 0.490112 0.026123 0.025635
3 0.446899 0.479614 0.025146 0.043701
3 0.141602 0.490845 0.010742 0.012451
3 0.682251 0.490723 0.005615 0.007812
0 0.569092 0.489014 0.012207 0.016602
3 0.605225 0.493530 0.005371 0.009521
0 0.588135 0.486450 0.008301 0.020752
0 0.726685 0.482422 0.011963 0.025391
0 0.327515 0.512939 0.003662 0.017090
0 0.649658 0.487549 0.002441 0.007812
