1 0.395752 0.535645 0.024902 0.011230
0 0.829590 0.611206 0.016113 0.008545
0 0.870850 0.600952 0.028809 0.016846
0 0.557251 0.407715 0.043213 0.056152
0 0.472168 0.405640 0.042969 0.055908
0 0.393555 0.583252 0.024414 0.015625
0 0.829834 0.602539 0.016113 0.007812
0 0.724609 0.411255 0.044434 0.056396
1 0.869019 0.551147 0.028564 0.013428
3 0.396606 0.513672 0.023682 0.032715
3 0.393677 0.558594 0.023682 0.032227
0 0.599609 0.392822 0.333008 0.118164
3 0.829834 0.588989 0.015625 0.018799
3 0.869629 0.574951 0.028809 0.034668
3 0.869019 0.527710 0.026611 0.033936
0 0.767822 0.616211 0.002441 0.003418
