3 0.789185 0.343384 0.013428 0.018311
2 0.889282 0.500488 0.016846 0.028320
0 0.225708 0.354370 0.068115 0.029541
0 0.269897 0.434692 0.062744 0.056885
0 0.789673 0.338989 0.018311 0.032959
0 0.904907 0.550903 0.003662 0.011963
0 0.279419 0.339966 0.009033 0.028564
0 0.352539 0.545166 0.008789 0.005371
0 0.483032 0.589355 0.003174 0.004883
0 0.844116 0.546631 0.002686 0.011719
0 0.238647 0.328979 0.036377 0.018311
0 0.353516 0.527588 0.006348 0.028320
0 0.355225 0.553345 0.009277 0.006104
0 0.770020 0.562256 0.005371 0.010254
