0 0.685303 0.759277 0.019043 0.030762
0 0.798706 0.780029 0.020752 0.039062
0 0.589600 0.783203 0.032715 0.014160
0 0.556152 0.780884 0.006836 0.008545
0 0.501587 0.796021 0.004639 0.007080
0 0.564453 0.781128 0.007324 0.009521
0 0.798828 0.750488 0.026855 0.029785
3 0.576538 0.791870 0.005615 0.004639
0 0.556763 0.773071 0.008057 0.006592
0 0.564331 0.789429 0.006104 0.006104
0 0.522583 0.771851 0.008057 0.003662
0 0.564575 0.773193 0.007080 0.004883
1 0.556885 0.789062 0.006348 0.007324
0 0.570801 0.799194 0.010254 0.005127
