3 0.017944 0.638184 0.013916 0.022949
3 0.683838 0.743530 0.010742 0.014404
0 0.169067 0.683960 0.014404 0.022705
0 0.424316 0.627441 0.023926 0.007324
3 0.650635 0.720215 0.025391 0.036133
2 0.188477 0.678101 0.006348 0.009033
0 0.359497 0.530640 0.031006 0.049561
0 0.852295 0.649414 0.017578 0.009277
3 0.683350 0.756958 0.011719 0.014404
0 0.930908 0.692871 0.007324 0.024902
0 0.177856 0.593872 0.015869 0.022705
0 0.402222 0.653076 0.006592 0.009277
0 0.362549 0.600830 0.008789 0.020996
0 0.549438 0.656006 0.015869 0.005859
0 0.826782 0.666748 0.020264 0.007324
