0 0.533813 0.670654 0.003662 0.002441
0 0.338013 0.670776 0.011475 0.022217
0 0.547729 0.660767 0.004639 0.008545
3 0.683350 0.660400 0.012207 0.020996
0 0.683472 0.596069 0.017334 0.040771
0 0.994385 0.623779 0.010742 0.028809
0 0.600830 0.653198 0.006836 0.006592
0 0.531006 0.673706 0.002930 0.005615
3 0.531250 0.665039 0.005371 0.007812
3 0.832764 0.458008 0.013672 0.047852
3 0.147949 0.643555 0.013672 0.023926
0 0.414673 0.668213 0.006104 0.012207
3 0.414551 0.654175 0.007812 0.013916
0 0.453613 0.680542 0.000977 0.002197
0 0.440308 0.668823 0.004639 0.015381
0 0.461304 0.680054 0.002686 0.004150
0 0.991943 0.586304 0.015625 0.017334
0 0.996216 0.575195 0.007080 0.006836
0 0.332275 0.649414 0.003906 0.005859
0 0.324585 0.656128 0.018799 0.008545
3 0.395386 0.668701 0.002197 0.007812
3 0.146118 0.583496 0.030518 0.034180
