0 0.707397 0.562256 0.037354 0.018066
0 0.707153 0.578003 0.037354 0.014893
0 0.247070 0.522095 0.047363 0.024170
0 0.245483 0.540527 0.047119 0.019043
3 0.700439 0.597046 0.021484 0.027100
3 0.655273 0.593994 0.016602 0.019531
3 0.480103 0.604980 0.006104 0.007812
0 0.343994 0.612305 0.015625 0.015625
0 0.356079 0.563965 0.004639 0.002930
0 0.355835 0.568115 0.016846 0.005859
0 0.355713 0.573730 0.016602 0.007324
0 0.341431 0.587280 0.020752 0.021240
3 0.368408 0.587158 0.006348 0.016602
0 0.378296 0.584473 0.014404 0.018555
0 0.355469 0.581665 0.018066 0.008545
