1 0.410034 0.564697 0.016846 0.035645
1 0.154785 0.488159 0.036621 0.066162
0 0.951782 0.056885 0.094482 0.113770
0 0.830933 0.621948 0.029053 0.059814
0 0.655273 0.613892 0.007324 0.013428
0 0.771484 0.617798 0.005859 0.010010
1 0.510010 0.592407 0.011230 0.020752
0 0.801147 0.619629 0.005127 0.008789
0 0.688354 0.615479 0.006104 0.011719
0 0.740601 0.616943 0.006104 0.011230
0 0.715332 0.619385 0.006836 0.012207
0 0.822388 0.605835 0.010986 0.019287
0 0.836548 0.630371 0.011963 0.023926
0 0.824341 0.631714 0.010010 0.022705
2 0.835449 0.606445 0.010254 0.022461
