0 0.834106 0.624512 0.006104 0.007812
0 0.644165 0.628052 0.013428 0.020752
0 0.799072 0.624878 0.004883 0.006592
0 0.856445 0.616455 0.011719 0.015137
0 0.563477 0.633057 0.004883 0.007812
0 0.394287 0.643555 0.002930 0.004883
0 0.502441 0.648682 0.005859 0.013672
0 0.579956 0.636841 0.015869 0.020752
0 0.653076 0.643066 0.012695 0.005371
0 0.672241 0.632812 0.005127 0.009277
0 0.793945 0.627563 0.004395 0.006592
1 0.645752 0.651489 0.005859 0.012451
0 0.859009 0.607056 0.004639 0.005127
0 0.751709 0.613647 0.001953 0.002686
0 0.752197 0.616699 0.001953 0.003418
0 0.655640 0.629272 0.034424 0.021729
