0 0.398682 0.521851 0.019531 0.041748
3 0.219727 0.646851 0.009766 0.022217
3 0.768433 0.548828 0.022705 0.028320
0 0.189697 0.390381 0.065918 0.137207
0 0.335083 0.585938 0.036865 0.068848
0 0.336914 0.514038 0.044922 0.071045
0 0.796021 0.572998 0.011475 0.004395
0 0.484009 0.552612 0.010010 0.004639
0 0.470093 0.577515 0.006104 0.015381
0 0.767090 0.517578 0.023438 0.028320
1 0.465210 0.594604 0.004639 0.010010
3 0.075195 0.645386 0.021484 0.031982
4 0.191406 0.370972 0.053223 0.073486
3 0.294067 0.634399 0.009033 0.016846
3 0.465088 0.585693 0.004883 0.007324
0 0.768799 0.576294 0.030273 0.010010
0 0.337402 0.470093 0.043945 0.016846
