3 0.019775 0.561646 0.014160 0.019775
4 0.470093 0.533936 0.008545 0.012207
3 0.410767 0.532349 0.007568 0.011475
0 0.583984 0.519531 0.007812 0.012207
0 0.569214 0.514160 0.003174 0.005859
0 0.562622 0.489380 0.020264 0.004639
0 0.547241 0.503418 0.002686 0.004395
0 0.512451 0.504150 0.002930 0.004883
0 0.563843 0.511353 0.004639 0.007568
0 0.367188 0.527954 0.003418 0.006592
1 0.304688 0.560791 0.002930 0.010742
0 0.500488 0.517212 0.004395 0.007568
0 0.326904 0.536743 0.004883 0.007568
0 0.236572 0.551636 0.004395 0.005127
