0 0.654419 0.690308 0.010498 0.018311
0 0.666626 0.744263 0.006104 0.020264
0 0.627686 0.744263 0.006836 0.005615
0 0.623779 0.688477 0.016113 0.012695
0 0.569458 0.684448 0.007080 0.011475
0 0.934082 0.653687 0.010254 0.027100
3 0.912598 0.659180 0.008789 0.020020
0 0.881104 0.664185 0.004883 0.016846
3 0.236572 0.729736 0.009277 0.007812
0 0.339111 0.675171 0.004883 0.015869
0 0.188843 0.724487 0.006592 0.021240
0 0.654175 0.688110 0.007080 0.009033
0 0.666870 0.750732 0.005127 0.006836
0 0.667114 0.742065 0.005615 0.007080
