4 0.921387 0.514648 0.015137 0.028809
0 0.953491 0.546265 0.016357 0.025635
3 0.861938 0.514038 0.034424 0.062744
0 0.529907 0.570679 0.006592 0.017822
0 0.830811 0.593140 0.015137 0.034912
4 0.920044 0.479492 0.014404 0.026367
4 0.980469 0.511963 0.014648 0.025391
4 0.948364 0.478516 0.015869 0.028320
4 0.923218 0.548584 0.014893 0.026855
0 0.978149 0.476929 0.015381 0.028076
2 0.706665 0.572998 0.008057 0.020996
0 0.951172 0.511597 0.015137 0.027100
4 0.981934 0.545654 0.014648 0.027344
2 0.830322 0.586792 0.012207 0.021240
0 0.707275 0.579102 0.009766 0.030273
