3 0.446655 0.212402 0.029541 0.048828
0 0.517456 0.391602 0.006104 0.010742
3 0.335938 0.206055 0.029297 0.049316
3 0.741577 0.223877 0.032471 0.050781
3 0.216064 0.197998 0.030273 0.048828
3 0.587646 0.217773 0.031250 0.050781
3 0.761963 0.416748 0.010254 0.012207
0 0.442627 0.389526 0.006348 0.010498
0 0.540283 0.419678 0.006348 0.009277
0 0.540405 0.426636 0.003662 0.005615
0 0.571777 0.426514 0.007324 0.002930
0 0.359619 0.371216 0.017578 0.005615
0 0.946411 0.326172 0.037842 0.058105
0 0.597656 0.440796 0.006348 0.010498
0 0.612915 0.429932 0.004639 0.005371
