2 0.684082 0.524902 0.027832 0.038086
3 0.801025 0.599121 0.007812 0.021484
3 0.919067 0.595093 0.016846 0.022217
0 0.930298 0.606323 0.021240 0.015381
3 0.352417 0.647827 0.010010 0.005127
0 0.324219 0.644043 0.005859 0.009766
0 0.686157 0.644531 0.016846 0.042480
0 0.339111 0.628418 0.020996 0.009277
0 0.786377 0.528931 0.045898 0.019287
1 0.684204 0.552979 0.027588 0.019043
3 0.755981 0.488647 0.043213 0.061768
3 0.927856 0.588623 0.018799 0.020996
3 0.550659 0.591431 0.017334 0.022705
2 0.922241 0.572388 0.029053 0.023682
0 0.584229 0.598999 0.019043 0.007568
3 0.683960 0.581055 0.017334 0.024902
