0 0.476074 0.462891 0.041992 0.024414
0 0.874512 0.026489 0.020508 0.030518
0 0.852173 0.024658 0.017334 0.028809
0 0.916626 0.144653 0.021729 0.024658
0 0.917236 0.183594 0.022461 0.028320
0 0.910767 0.383667 0.022217 0.029053
0 0.206299 0.481689 0.021484 0.018555
0 0.206665 0.462524 0.022217 0.018311
0 0.930176 0.490234 0.026367 0.029785
2 0.560913 0.462524 0.018799 0.024170
3 0.560791 0.486694 0.018066 0.022705
3 0.521484 0.488281 0.011719 0.018066
0 0.878052 0.383667 0.144775 0.056396
0 0.881470 0.336670 0.143799 0.045898
0 0.881592 0.296753 0.144043 0.046631
0 0.881836 0.258301 0.142578 0.047852
0 0.881958 0.218750 0.140869 0.048340
0 0.882568 0.180786 0.142090 0.047119
0 0.882080 0.141602 0.141113 0.046875
0 0.882446 0.028564 0.137451 0.052734
0 0.918213 0.221802 0.021973 0.028564
0 0.827759 0.022583 0.020264 0.029541
