3 0.531250 0.510742 0.009766 0.020996
3 0.498901 0.591064 0.003174 0.008789
0 0.131226 0.486206 0.034424 0.059326
1 0.132080 0.538574 0.033691 0.051758
1 0.164307 0.537842 0.030762 0.054199
0 0.656616 0.568970 0.010986 0.024170
0 0.586548 0.577026 0.013916 0.021729
0 0.130737 0.443115 0.031982 0.028320
0 0.574707 0.561401 0.005371 0.008545
0 0.164307 0.484741 0.032715 0.054443
0 0.163696 0.442627 0.032471 0.029785
0 0.414795 0.590210 0.005371 0.010498
0 0.785522 0.459839 0.030518 0.050537
0 0.788330 0.510132 0.030762 0.048584
0 0.815674 0.414429 0.035645 0.030029
1 0.820679 0.506226 0.031006 0.049072
3 0.590454 0.560059 0.007080 0.012207
0 0.582275 0.548340 0.007812 0.013184
0 0.590332 0.546997 0.007812 0.013428
3 0.582886 0.560059 0.006104 0.011230
0 0.637329 0.563110 0.016846 0.037842
0 0.783081 0.419922 0.031494 0.026367
0 0.816895 0.454102 0.030762 0.042480
0 0.575195 0.577393 0.005371 0.008301
0 0.582031 0.537964 0.007812 0.006104
1 0.574951 0.569580 0.004883 0.008789
0 0.589722 0.537354 0.008057 0.006348
1 0.575439 0.585815 0.004883 0.008545
