0 0.581177 0.453857 0.170166 0.053223
3 0.202515 0.586914 0.014404 0.018066
0 0.582153 0.407471 0.170654 0.054688
0 0.582031 0.318970 0.169434 0.057861
0 0.582642 0.363159 0.168213 0.056885
0 0.625732 0.367310 0.023926 0.031982
0 0.571777 0.236694 0.088379 0.037354
0 0.344849 0.572754 0.003174 0.006836
3 0.406616 0.529541 0.010498 0.014648
0 0.292480 0.565674 0.005859 0.009277
0 0.389160 0.568115 0.005859 0.011719
0 0.389038 0.566406 0.003662 0.004883
0 0.584106 0.274902 0.165283 0.058594
0 0.625488 0.322998 0.022461 0.030273
