3 0.427490 0.435181 0.009277 0.015381
0 0.519409 0.518066 0.002686 0.004395
0 0.615112 0.502808 0.005127 0.003174
0 0.734619 0.479980 0.002441 0.015625
0 0.734253 0.492554 0.002197 0.007568
0 0.580200 0.422241 0.011963 0.010010
0 0.232910 0.444214 0.007812 0.007080
0 0.187256 0.434570 0.005371 0.027832
0 0.544800 0.514893 0.004150 0.005371
0 0.581177 0.407227 0.013428 0.017578
0 0.614868 0.508423 0.005615 0.007080
0 0.514526 0.512573 0.005615 0.002197
0 0.598267 0.393066 0.013428 0.008301
0 0.596436 0.406860 0.017090 0.017822
0 0.581299 0.393799 0.012695 0.008301
1 0.598511 0.421265 0.011475 0.010986
0 0.546021 0.435181 0.019287 0.008057
0 0.438599 0.434937 0.008057 0.012451
3 0.466919 0.434692 0.009033 0.015869
3 0.651001 0.495972 0.006104 0.009521
0 0.002563 0.513428 0.005127 0.015137
0 0.171143 0.425415 0.006836 0.019775
