0 0.481079 0.672363 0.007568 0.010742
0 0.293091 0.602661 0.065186 0.106689
3 0.533936 0.706055 0.004883 0.007812
0 0.288574 0.674805 0.062988 0.038574
0 0.342163 0.707520 0.007080 0.032715
0 0.485718 0.655396 0.005127 0.007568
0 0.599609 0.697754 0.005859 0.008301
0 0.559570 0.696777 0.003418 0.004395
0 0.514404 0.705078 0.003418 0.007324
0 0.496338 0.700317 0.002930 0.004639
0 0.599121 0.706055 0.002441 0.007812
0 0.485718 0.667114 0.020752 0.037842
1 0.484985 0.690186 0.019775 0.010254
0 0.495728 0.680786 0.011475 0.010986
0 0.552002 0.693481 0.011230 0.009521
