3 0.483887 0.434937 0.014648 0.017334
3 0.337524 0.503540 0.015869 0.020264
0 0.483765 0.415039 0.020264 0.022461
1 0.302002 0.489258 0.008301 0.014648
0 0.363892 0.477295 0.029541 0.008789
3 0.330933 0.472290 0.007080 0.010010
0 0.330200 0.487915 0.005615 0.007080
2 0.357056 0.476685 0.002686 0.004150
0 0.364014 0.468872 0.029785 0.009033
2 0.356689 0.468628 0.003418 0.004150
0 0.363770 0.460938 0.030273 0.008789
2 0.366699 0.460693 0.003418 0.003906
0 0.376343 0.453125 0.005127 0.008789
0 0.331055 0.480469 0.007812 0.008301
0 0.484009 0.450806 0.010010 0.015869
