0 0.328369 0.541260 0.072754 0.092773
0 0.414062 0.535889 0.072266 0.103516
0 0.299805 0.669067 0.016113 0.023193
0 0.265991 0.697144 0.010010 0.013428
3 0.542725 0.665894 0.020996 0.027588
3 0.247437 0.671265 0.006592 0.008545
2 0.391113 0.548828 0.008301 0.012207
0 0.281616 0.670532 0.015869 0.020264
0 0.275757 0.697266 0.010010 0.013184
3 0.265137 0.671509 0.006348 0.008545
0 0.543091 0.688721 0.004639 0.016113
0 0.278198 0.704956 0.004639 0.003174
0 0.258179 0.698975 0.003174 0.004883
0 0.257935 0.703247 0.002197 0.003174
