3 0.583374 0.506470 0.009033 0.011475
3 0.408203 0.536987 0.012695 0.017334
0 0.213257 0.550171 0.008545 0.023682
3 0.661743 0.508301 0.009521 0.013184
0 0.497437 0.507690 0.020752 0.011963
0 0.406250 0.475830 0.013184 0.025879
3 0.406982 0.521362 0.012695 0.016846
3 0.584106 0.517822 0.008545 0.010742
0 0.693726 0.507446 0.010498 0.010010
0 0.706055 0.505737 0.011719 0.008545
0 0.701416 0.453613 0.024902 0.044922
0 0.302734 0.499756 0.026855 0.052734
3 0.213257 0.546509 0.005615 0.012939
3 0.406128 0.471558 0.011963 0.015381
0 0.534790 0.468140 0.028564 0.016846
