0 0.886475 0.405273 0.029297 0.046875
0 0.362915 0.622437 0.004639 0.009033
0 0.889771 0.437622 0.035889 0.011475
0 0.618042 0.695679 0.018311 0.040283
0 0.911865 0.521729 0.073730 0.153809
0 0.314209 0.647949 0.006348 0.009766
0 0.314331 0.637695 0.005127 0.009766
0 0.245605 0.615112 0.006836 0.012939
0 0.292358 0.621826 0.003662 0.007324
3 0.218628 0.550171 0.021729 0.036377
3 0.617920 0.654053 0.024414 0.041504
3 0.238159 0.584473 0.009033 0.024902
3 0.237549 0.551514 0.007812 0.027832
3 0.590820 0.557373 0.019531 0.033691
0 0.863037 0.568604 0.035645 0.014160
3 0.923950 0.535034 0.023193 0.038330
3 0.897461 0.501221 0.021484 0.035156
0 0.921143 0.497314 0.021484 0.033691
0 0.954834 0.625854 0.019043 0.039307
0 0.941772 0.625488 0.006592 0.040527
