3 0.386108 0.525513 0.007568 0.010010
0 0.492432 0.519653 0.006836 0.013428
0 0.558350 0.529663 0.005859 0.004639
0 0.558228 0.524170 0.006104 0.006836
0 0.329956 0.534546 0.004150 0.004639
0 0.330200 0.538086 0.004150 0.002930
0 0.495483 0.506714 0.014893 0.019775
0 0.636108 0.498413 0.012451 0.017822
0 0.538574 0.517700 0.009766 0.005615
0 0.275146 0.507446 0.017578 0.020264
0 0.500977 0.492676 0.026367 0.025879
3 0.517700 0.525269 0.006104 0.006592
3 0.700928 0.419800 0.028809 0.037842
3 0.498413 0.524292 0.006592 0.009521
3 0.519531 0.485107 0.010742 0.017090
0 0.494751 0.538574 0.008057 0.013672
0 0.503418 0.538330 0.016602 0.019531
