3 0.669800 0.584839 0.022705 0.030029
2 0.240723 0.631226 0.004395 0.007568
3 0.470459 0.626709 0.004883 0.006836
0 0.518555 0.608276 0.029297 0.020752
2 0.638550 0.610229 0.011963 0.012939
0 0.020020 0.533081 0.040039 0.080322
3 0.476685 0.623413 0.002197 0.005615
0 0.974976 0.576294 0.005615 0.008545
0 0.361694 0.618896 0.006592 0.012207
3 0.241333 0.624268 0.004639 0.006348
0 0.476685 0.628906 0.001709 0.005859
2 0.963867 0.577881 0.004883 0.010254
0 0.393311 0.636475 0.003906 0.005371
0 0.496948 0.622314 0.005615 0.012207
0 0.670410 0.603882 0.023926 0.009521
3 0.501221 0.614990 0.007324 0.009277
