0 0.750000 0.426636 0.055664 0.020264
0 0.655640 0.431641 0.063721 0.018555
0 0.704590 0.428711 0.034668 0.018066
0 0.754883 0.456665 0.037109 0.018311
0 0.755371 0.439331 0.037109 0.014404
0 0.671387 0.424194 0.012695 0.008545
0 0.662231 0.422241 0.010010 0.011963
0 0.667725 0.378662 0.028809 0.013184
3 0.699829 0.470947 0.015381 0.017090
0 0.941528 0.391846 0.041748 0.055664
3 0.297485 0.407349 0.024658 0.028564
0 0.340698 0.420776 0.004150 0.019287
3 0.345337 0.458984 0.005615 0.019043
3 0.647339 0.363281 0.028076 0.039551
0 0.938599 0.458618 0.006592 0.010986
