3 0.105713 0.524170 0.015625 0.018066
0 0.529541 0.591919 0.006348 0.006592
0 0.574585 0.597046 0.007568 0.008057
0 0.513428 0.576416 0.009277 0.003418
0 0.669922 0.588135 0.005371 0.007812
3 0.623169 0.590454 0.010010 0.018799
0 0.413208 0.570312 0.003174 0.004395
0 0.412964 0.574341 0.004639 0.013916
0 0.669922 0.590332 0.007812 0.015137
3 0.090088 0.550049 0.018555 0.050781
0 0.392944 0.599487 0.006104 0.011475
0 0.106079 0.531250 0.023682 0.041504
0 0.358398 0.557495 0.005371 0.007080
0 0.979004 0.531494 0.041016 0.015137
3 0.393555 0.585938 0.009277 0.017090
4 0.412598 0.589111 0.012695 0.017578
0 0.560913 0.597412 0.009521 0.011719
0 0.199341 0.557251 0.007568 0.014893
