0 0.354126 0.425781 0.027100 0.045898
3 0.509521 0.374878 0.029785 0.051514
3 0.405029 0.500000 0.029297 0.052734
3 0.477173 0.374023 0.028564 0.051758
3 0.406738 0.427979 0.028320 0.050293
3 0.122803 0.550537 0.023926 0.024414
3 0.445435 0.373047 0.029053 0.052734
0 0.477661 0.410889 0.031006 0.020996
3 0.125366 0.515869 0.023682 0.041504
0 0.352539 0.450073 0.046875 0.113037
1 0.404785 0.461670 0.029297 0.018066
0 0.518433 0.602783 0.012939 0.023438
0 0.401855 0.534912 0.029785 0.015137
0 0.510132 0.561768 0.019287 0.019531
0 0.444702 0.409302 0.029541 0.018799
