2 0.828369 0.663940 0.013672 0.016846
2 0.800781 0.679565 0.007812 0.009521
3 0.797729 0.670898 0.004150 0.007324
2 0.132202 0.238525 0.042236 0.125000
1 0.801270 0.692261 0.008789 0.006104
0 0.801270 0.686279 0.008789 0.005371
0 0.809204 0.668457 0.012939 0.019043
0 0.829102 0.686035 0.012207 0.007812
2 0.810181 0.684937 0.008057 0.011475
2 0.967529 0.635620 0.019043 0.032471
0 0.828735 0.676880 0.012451 0.006592
0 0.950317 0.624634 0.029053 0.013916
0 0.907349 0.651001 0.008057 0.009033
0 0.918701 0.638428 0.029297 0.040039
0 0.953369 0.692505 0.016113 0.013428
0 0.810425 0.692871 0.007568 0.004883
