3 0.158569 0.332397 0.010498 0.012451
0 0.541748 0.273804 0.034180 0.012939
0 0.540649 0.263672 0.035400 0.013672
0 0.869629 0.251709 0.017090 0.007812
0 0.150269 0.327393 0.013428 0.006348
0 0.545288 0.242554 0.008057 0.006592
0 0.869141 0.262329 0.017090 0.007568
0 0.539429 0.252319 0.033936 0.013428
0 0.331055 0.327271 0.005371 0.007080
0 0.149658 0.333496 0.012695 0.003418
0 0.317993 0.326660 0.013916 0.004395
0 0.317871 0.322021 0.013672 0.005859
0 0.301758 0.330811 0.009766 0.003906
0 0.302612 0.338501 0.009521 0.007080
0 0.301758 0.327271 0.004395 0.003174
0 0.603760 0.312012 0.005371 0.007324
2 0.166748 0.342651 0.007812 0.010010
0 0.542114 0.284912 0.034424 0.012207
3 0.186035 0.352295 0.008301 0.020020
3 0.301270 0.320435 0.006348 0.009521
3 0.644897 0.300659 0.007080 0.013428
3 0.231445 0.311768 0.012695 0.015625
3 0.263306 0.347656 0.010010 0.014160
3 0.232422 0.327881 0.014648 0.015625
0 0.870483 0.275513 0.019775 0.013916
0 0.869507 0.288696 0.017334 0.008057
