3 0.715332 0.328613 0.019043 0.031738
0 0.588379 0.762085 0.013672 0.009033
0 0.449585 0.669312 0.038818 0.016846
2 0.663940 0.430054 0.076416 0.298096
3 0.718384 0.425659 0.019287 0.032959
0 0.456055 0.686279 0.038086 0.017090
3 0.716553 0.376953 0.019043 0.031250
3 0.287842 0.715332 0.010742 0.019531
0 0.419312 0.742065 0.004639 0.008545
3 0.588501 0.745483 0.013428 0.024658
3 0.739868 0.425659 0.019287 0.032959
0 0.761108 0.424438 0.019775 0.032471
3 0.588501 0.720093 0.013428 0.024170
0 0.754761 0.429321 0.119385 0.304932
3 0.752563 0.475464 0.019775 0.033447
0 0.783081 0.424561 0.019287 0.033203
0 0.456055 0.703003 0.037109 0.016846
3 0.426392 0.720825 0.008545 0.016357
0 0.413940 0.749512 0.003662 0.006348
