2 0.263794 0.539551 0.018311 0.023438
0 0.387817 0.575684 0.072510 0.032715
0 0.277466 0.572388 0.096436 0.033447
3 0.471436 0.745972 0.022461 0.031982
1 0.471069 0.771240 0.012451 0.017090
3 0.272827 0.781738 0.004639 0.006836
0 0.367065 0.545166 0.025146 0.013184
0 0.281860 0.517334 0.025146 0.014160
3 0.191162 0.783203 0.007812 0.008301
0 0.278320 0.539795 0.095215 0.029297
0 0.386963 0.625244 0.073730 0.026367
0 0.387695 0.545410 0.073242 0.026855
0 0.387207 0.602539 0.073730 0.018066
0 0.386719 0.647461 0.073730 0.017578
0 0.277222 0.599243 0.096924 0.019287
0 0.275757 0.640625 0.097900 0.027344
