3 0.446167 0.459106 0.006104 0.007080
3 0.650391 0.466797 0.007812 0.009277
3 0.615845 0.471558 0.009033 0.011963
0 0.548096 0.464111 0.002930 0.003418
0 0.582397 0.469360 0.017822 0.030029
0 0.550537 0.475342 0.007324 0.008301
0 0.583252 0.446411 0.025879 0.014893
3 0.804932 0.474243 0.018066 0.031006
0 0.543091 0.439697 0.008545 0.004395
0 0.439819 0.459961 0.003662 0.005371
0 0.598389 0.462524 0.004395 0.008545
1 0.599243 0.476196 0.006104 0.009033
0 0.543335 0.443726 0.008545 0.005127
3 0.550903 0.475464 0.003174 0.007568
