0 0.595215 0.514648 0.010254 0.020020
0 0.483032 0.525269 0.005615 0.005127
0 0.451294 0.493774 0.002197 0.004150
0 0.530029 0.496216 0.001953 0.005615
0 0.483154 0.512573 0.005371 0.004639
0 0.483276 0.518677 0.005615 0.008057
0 0.520020 0.494995 0.001953 0.005127
0 0.397583 0.487671 0.003174 0.012451
0 0.561768 0.499878 0.003906 0.008545
0 0.508179 0.494019 0.001709 0.004639
0 0.567139 0.502197 0.005859 0.010742
0 0.554443 0.500122 0.003418 0.005127
0 0.573120 0.503540 0.007080 0.011963
0 0.671875 0.496338 0.030762 0.086914
0 0.580200 0.507812 0.008057 0.015137
4 0.671997 0.481445 0.021729 0.037109
3 0.132568 0.666870 0.042480 0.070557
1 0.670898 0.550171 0.031250 0.021240
0 0.481567 0.493530 0.002197 0.004150
0 0.495239 0.493774 0.001709 0.004150
