3 0.557373 0.417358 0.008301 0.014404
0 0.624146 0.360962 0.008057 0.026123
2 0.230469 0.413574 0.009766 0.021484
2 0.481079 0.432495 0.005615 0.011963
0 0.328491 0.438965 0.008545 0.005859
0 0.328125 0.432007 0.008789 0.006592
1 0.557251 0.436279 0.007080 0.006836
2 0.623779 0.291626 0.011719 0.069580
2 0.327393 0.421997 0.009277 0.011963
0 0.624268 0.337036 0.009277 0.025146
0 0.630371 0.358887 0.004883 0.024902
0 0.556885 0.428467 0.007812 0.006836
0 0.630981 0.332886 0.004639 0.027100
0 0.632690 0.285767 0.007080 0.072998
