3 0.070801 0.432739 0.067383 0.034912
0 0.066650 0.485718 0.047363 0.084717
0 0.062866 0.542847 0.013428 0.031982
2 0.958374 0.490723 0.016357 0.029297
0 0.895020 0.474854 0.043457 0.049805
3 0.900879 0.518555 0.047852 0.064453
4 0.784180 0.481567 0.037598 0.055420
0 0.768921 0.577759 0.012939 0.019775
0 0.767700 0.598389 0.010986 0.018555
0 0.678345 0.523804 0.006592 0.018311
0 0.678345 0.490845 0.024170 0.048096
2 0.679199 0.550171 0.024414 0.032959
0 0.368774 0.594482 0.006104 0.009277
0 0.116821 0.601562 0.007568 0.036621
0 0.251099 0.587891 0.007080 0.008301
0 0.263306 0.587036 0.007080 0.008057
0 0.169800 0.607788 0.004150 0.030029
0 0.188232 0.608398 0.003906 0.022949
2 0.281372 0.560669 0.020752 0.027100
