3 0.578857 0.539307 0.009766 0.018066
0 0.768555 0.564331 0.015137 0.018311
0 0.507935 0.493530 0.009521 0.014893
0 0.795532 0.586304 0.019775 0.014404
0 0.507935 0.510742 0.009033 0.015625
0 0.883667 0.553101 0.022217 0.025635
0 0.704712 0.605957 0.003662 0.007812
0 0.639648 0.601685 0.008789 0.006104
0 0.539673 0.615601 0.003662 0.007568
0 0.770508 0.501953 0.029297 0.017578
0 0.268555 0.573853 0.042969 0.092041
0 0.755493 0.523682 0.038818 0.061035
0 0.518433 0.508545 0.040283 0.058105
1 0.490967 0.618530 0.006836 0.012451
1 0.397705 0.620361 0.009277 0.019531
1 0.180664 0.625244 0.019531 0.040039
3 0.268433 0.597534 0.021729 0.034424
0 0.567505 0.540527 0.010986 0.008789
0 0.661377 0.608765 0.003906 0.007568
