3 0.680664 0.368164 0.023926 0.045410
0 0.293823 0.413330 0.042236 0.020996
0 0.299072 0.394775 0.019043 0.013672
0 0.384399 0.429688 0.011475 0.004395
0 0.503052 0.441650 0.002197 0.002930
0 0.503052 0.436035 0.001709 0.006836
0 0.384399 0.423584 0.011475 0.006348
0 0.298462 0.375122 0.021240 0.021240
0 0.503296 0.425659 0.001709 0.007080
0 0.490601 0.445312 0.004150 0.002930
0 0.680420 0.396729 0.020508 0.012207
2 0.539429 0.430298 0.006104 0.010498
0 0.298950 0.350586 0.018799 0.026367
4 0.551392 0.421509 0.012939 0.021729
0 0.490601 0.439453 0.004639 0.008301
0 0.503052 0.431030 0.001709 0.002686
2 0.305908 0.351562 0.003906 0.016602
