0 0.935913 0.629272 0.012939 0.030518
3 0.772827 0.698486 0.006104 0.008301
0 0.230347 0.659668 0.008057 0.017090
0 0.688354 0.652588 0.007568 0.019043
2 0.984985 0.608276 0.014404 0.015381
0 0.987549 0.632568 0.014160 0.010742
3 0.935303 0.621216 0.009277 0.012939
0 0.986938 0.621948 0.013428 0.012451
0 0.687012 0.695435 0.004883 0.009033
3 0.688110 0.647705 0.006104 0.007812
0 0.173096 0.705566 0.010742 0.006348
0 0.675415 0.632690 0.010986 0.005127
0 0.401733 0.671631 0.010986 0.007812
0 0.728027 0.692383 0.004395 0.010254
0 0.173584 0.692383 0.010742 0.020020
0 0.814697 0.696777 0.003906 0.010254
