0 0.375488 0.375244 0.016113 0.036621
0 0.144043 0.445312 0.008301 0.014160
0 0.005249 0.428345 0.010498 0.033936
0 0.610718 0.382446 0.004639 0.024658
0 0.301025 0.438354 0.006348 0.022705
0 0.710571 0.246826 0.014404 0.023926
3 0.143188 0.418457 0.010010 0.035645
0 0.296997 0.369141 0.014404 0.023926
0 0.718140 0.335083 0.012939 0.011963
0 0.573975 0.376465 0.005371 0.017578
0 0.296875 0.368530 0.013184 0.022217
0 0.407104 0.384766 0.008545 0.016113
3 0.703613 0.422607 0.008789 0.035156
0 0.004150 0.429443 0.008301 0.025391
0 0.616699 0.129517 0.019043 0.027100
3 0.709229 0.360596 0.010254 0.032227
0 0.491089 0.280518 0.026611 0.011719
