0 0.444092 0.449707 0.016113 0.006348
0 0.412354 0.313110 0.018066 0.010010
0 0.446777 0.445435 0.003906 0.002686
0 0.471558 0.449341 0.016357 0.004150
0 0.471680 0.456177 0.016113 0.010010
0 0.498535 0.357666 0.009277 0.012695
3 0.306152 0.462280 0.022949 0.029053
3 0.594360 0.474487 0.020752 0.029053
0 0.517700 0.294556 0.016846 0.010498
0 0.498047 0.294556 0.017578 0.010498
3 0.392944 0.305420 0.021240 0.027344
0 0.473633 0.441895 0.003418 0.002441
0 0.443726 0.456909 0.016357 0.007568
0 0.442505 0.445190 0.003662 0.002197
0 0.310303 0.491577 0.011719 0.014893
0 0.306030 0.480835 0.017822 0.007568
0 0.419312 0.366089 0.077393 0.033447
0 0.419067 0.333984 0.076904 0.028320
0 0.594849 0.493042 0.017334 0.007568
0 0.283081 0.500000 0.008545 0.005859
0 0.508545 0.360474 0.060547 0.044678
0 0.507935 0.328857 0.059326 0.018066
0 0.507812 0.310425 0.059570 0.016357
0 0.429443 0.313110 0.017090 0.010498
0 0.470703 0.445068 0.017090 0.003906
0 0.438354 0.443481 0.004639 0.006104
0 0.469360 0.442017 0.003174 0.002197
