0 0.597900 0.573364 0.016602 0.031982
0 0.614380 0.601318 0.013916 0.027344
3 0.536133 0.596191 0.018555 0.024414
3 0.555298 0.564209 0.013916 0.024902
2 0.661377 0.482300 0.005371 0.007080
0 0.612061 0.571167 0.013184 0.027100
0 0.665771 0.474365 0.018066 0.036621
0 0.552368 0.573975 0.016846 0.028320
0 0.466064 0.546143 0.002930 0.010254
0 0.450562 0.553223 0.005127 0.007324
1 0.555420 0.582764 0.013184 0.010254
3 0.601074 0.565063 0.005859 0.008545
0 0.665527 0.499878 0.016113 0.008545
3 0.593994 0.565674 0.006348 0.008301
