3 0.449829 0.691040 0.007080 0.009521
3 0.652710 0.664917 0.017822 0.024170
3 0.716187 0.665039 0.017334 0.024902
0 0.431763 0.577148 0.045166 0.016602
0 0.568848 0.696777 0.006836 0.009277
0 0.698975 0.619385 0.009766 0.013184
0 0.366943 0.630371 0.013672 0.043945
0 0.596680 0.669189 0.017090 0.012207
0 0.449341 0.701660 0.005615 0.008301
0 0.654175 0.690674 0.009033 0.020996
0 0.424927 0.576904 0.005615 0.008789
0 0.718262 0.692017 0.008789 0.021729
0 0.732666 0.689941 0.003906 0.006348
0 0.727539 0.690063 0.003418 0.007568
