1 0.750732 0.607178 0.048340 0.027344
0 0.136353 0.669800 0.007568 0.004150
0 0.002808 0.647827 0.005615 0.010498
0 0.315063 0.667969 0.004150 0.005859
0 0.397949 0.657227 0.005371 0.007324
0 0.530029 0.621582 0.014648 0.032715
0 0.083740 0.667603 0.004883 0.005127
0 0.397949 0.660889 0.006348 0.016602
0 0.314697 0.669678 0.004395 0.009277
0 0.083496 0.668701 0.004883 0.008789
0 0.457886 0.641724 0.012939 0.026611
0 0.457886 0.637329 0.010010 0.013916
0 0.064209 0.595093 0.059570 0.091553
0 0.492676 0.613281 0.042969 0.081055
4 0.747681 0.543091 0.071045 0.099854
0 0.372437 0.663208 0.038818 0.014893
0 0.283569 0.675659 0.007080 0.003662
0 0.003174 0.651123 0.006348 0.019043
