0 0.838989 0.093262 0.080322 0.160156
0 0.506226 0.616089 0.020264 0.009033
0 0.505859 0.626709 0.020020 0.010254
0 0.456543 0.652222 0.003906 0.006592
0 0.415771 0.643433 0.001465 0.003174
0 0.404175 0.625366 0.005615 0.017334
0 0.546021 0.610474 0.002197 0.003662
0 0.416748 0.645874 0.003906 0.008545
0 0.502441 0.616577 0.003418 0.006104
0 0.456421 0.656738 0.002686 0.001953
0 0.502686 0.607178 0.003906 0.006348
0 0.509277 0.644287 0.003418 0.006836
0 0.505981 0.653931 0.019775 0.009521
2 0.548828 0.603271 0.001953 0.003906
0 0.545654 0.597290 0.014648 0.003662
0 0.505981 0.644287 0.020264 0.010254
2 0.548950 0.603516 0.002197 0.004395
3 0.423096 0.665527 0.003906 0.008789
0 0.848267 0.259888 0.083740 0.225830
0 0.434937 0.460205 0.007080 0.010742
4 0.521606 0.634766 0.004639 0.007324
0 0.506226 0.599121 0.020264 0.011230
3 0.850952 0.434937 0.067139 0.141846
0 0.548584 0.610962 0.002930 0.004639
0 0.505981 0.634521 0.019775 0.009277
