2 0.738770 0.546265 0.021484 0.026611
2 0.735962 0.514771 0.030029 0.037354
3 0.741455 0.578491 0.014160 0.017334
3 0.782349 0.608276 0.010010 0.014893
0 0.734009 0.477661 0.028564 0.033936
3 0.820801 0.554932 0.023926 0.021484
0 0.535889 0.570679 0.013184 0.027100
2 0.731323 0.444702 0.030029 0.036865
0 0.818481 0.528076 0.026123 0.032227
0 0.660645 0.566895 0.005371 0.009277
0 0.617065 0.572144 0.005615 0.010498
0 0.720459 0.548340 0.013184 0.012207
0 0.415161 0.593994 0.017334 0.013672
0 0.416992 0.611206 0.009277 0.011963
0 0.815308 0.503296 0.026611 0.018799
