0 0.611816 0.601074 0.029297 0.025391
0 0.352417 0.619019 0.009521 0.004639
0 0.611450 0.625244 0.029053 0.025879
0 0.607422 0.635254 0.040039 0.033203
2 0.553833 0.646851 0.005127 0.007080
0 0.583496 0.656616 0.006348 0.004639
0 0.553711 0.652954 0.004883 0.004150
4 0.583252 0.642456 0.020020 0.023193
0 0.544922 0.642700 0.004395 0.006104
3 0.487915 0.654785 0.003174 0.003906
0 0.539307 0.647949 0.003418 0.003906
0 0.546143 0.649292 0.009766 0.008057
0 0.471069 0.627563 0.007080 0.003662
0 0.539307 0.642822 0.004395 0.006348
