0 0.431763 0.739624 0.015381 0.013428
3 0.438354 0.552490 0.022705 0.028320
0 0.501221 0.745728 0.002441 0.003662
0 0.312378 0.728149 0.011963 0.014404
2 0.313110 0.713257 0.010986 0.014893
0 0.314453 0.741821 0.009277 0.008545
1 0.346436 0.744507 0.005859 0.007568
1 0.409424 0.759277 0.007324 0.009277
1 0.377808 0.745117 0.005615 0.008789
0 0.417603 0.734863 0.011475 0.017090
0 0.428101 0.742920 0.006104 0.007812
0 0.442749 0.740479 0.006592 0.010254
0 0.453247 0.742920 0.004150 0.007812
0 0.467651 0.745850 0.002686 0.002441
0 0.484741 0.749390 0.003662 0.003662
0 0.370850 0.736938 0.005859 0.008057
3 0.410522 0.749390 0.008545 0.010986
