3 0.504395 0.706421 0.004395 0.007568
3 0.429565 0.697998 0.007080 0.011230
3 0.418335 0.684326 0.011963 0.015625
3 0.487427 0.711548 0.004150 0.007568
3 0.619751 0.714233 0.008057 0.011963
3 0.333496 0.672119 0.009766 0.013672
3 0.267822 0.679077 0.007812 0.013916
0 0.285889 0.672241 0.062012 0.052002
3 0.411133 0.713745 0.004395 0.006592
0 0.420044 0.656494 0.053467 0.074707
0 0.333252 0.654663 0.020996 0.019775
3 0.619507 0.703247 0.008057 0.010010
0 0.429443 0.706665 0.006836 0.008057
0 0.505127 0.713135 0.006348 0.005859
0 0.414551 0.716309 0.014648 0.017090
0 0.487549 0.717041 0.004395 0.005859
