0 0.760742 0.499878 0.009277 0.014893
3 0.759766 0.480347 0.009766 0.025635
0 0.771484 0.463501 0.025391 0.012939
4 0.788330 0.425903 0.010254 0.040771
3 0.788940 0.461426 0.007568 0.031250
0 0.623901 0.474609 0.006104 0.011719
3 0.788696 0.493286 0.007568 0.031494
0 0.639038 0.495483 0.016846 0.010010
3 0.443115 0.557495 0.007324 0.012451
4 0.463135 0.544556 0.014648 0.024170
0 0.354370 0.575928 0.003174 0.005859
0 0.398071 0.593994 0.002197 0.014648
0 0.399780 0.593506 0.001709 0.013672
0 0.392212 0.593262 0.002197 0.013184
4 0.455811 0.539673 0.011230 0.020264
3 0.491089 0.539062 0.007568 0.013672
3 0.413818 0.570923 0.004395 0.008057
0 0.637939 0.484741 0.014160 0.008545
3 0.446655 0.554688 0.007080 0.013672
0 0.395508 0.593994 0.002930 0.015137
0 0.402344 0.594116 0.001953 0.013428
