3 0.381592 0.388916 0.006836 0.026855
2 0.456421 0.449341 0.003174 0.005615
0 0.645142 0.188232 0.009521 0.016113
0 0.752808 0.376709 0.036865 0.086426
0 0.595581 0.408081 0.004150 0.008545
0 0.982422 0.350952 0.034668 0.093506
1 0.979858 0.269897 0.039795 0.065186
0 0.977539 0.204590 0.044434 0.068848
0 0.656860 0.132935 0.086182 0.225342
3 0.733154 0.349609 0.024414 0.044434
2 0.640625 0.090698 0.008789 0.017334
2 0.563965 0.294922 0.018555 0.031738
0 0.663818 0.119507 0.053711 0.026611
3 0.975952 0.109253 0.047607 0.121338
2 0.645630 0.387451 0.018799 0.034180
3 0.625977 0.415771 0.009766 0.016113
0 0.382324 0.408936 0.007812 0.017578
0 0.382690 0.428345 0.007568 0.021729
