0 0.769531 0.531494 0.060547 0.030273
1 0.027100 0.675049 0.008301 0.015137
0 0.775269 0.523193 0.011963 0.020020
1 0.776611 0.547974 0.012207 0.010010
0 0.246948 0.620728 0.006104 0.009033
0 0.242920 0.633179 0.003906 0.006104
0 0.298950 0.610474 0.002686 0.004150
0 0.788330 0.523315 0.013184 0.021729
0 0.775757 0.537842 0.012939 0.007812
0 0.789551 0.547729 0.012695 0.010986
0 0.789307 0.537354 0.011719 0.007812
0 0.309937 0.612427 0.004639 0.007080
0 0.775024 0.525635 0.010986 0.010742
0 0.788086 0.524658 0.011230 0.013184
