3 0.977295 0.645996 0.005371 0.009766
0 0.269897 0.606689 0.020264 0.013184
0 0.647705 0.593750 0.017578 0.018066
0 0.647583 0.626465 0.017822 0.010254
0 0.706421 0.645264 0.013916 0.037598
0 0.513428 0.620972 0.015137 0.006104
0 0.500122 0.621338 0.029053 0.012695
0 0.509766 0.606079 0.022461 0.008545
0 0.265137 0.614380 0.011719 0.012939
0 0.882324 0.631470 0.005859 0.012451
3 0.508423 0.637329 0.007080 0.013916
0 0.509644 0.614624 0.022217 0.007568
0 0.500000 0.608398 0.028809 0.012207
0 0.280518 0.590820 0.005371 0.008301
0 0.267578 0.579712 0.011719 0.007080
0 0.486694 0.620605 0.011963 0.020508
0 0.312622 0.634766 0.019287 0.033691
4 0.977051 0.634277 0.006348 0.011719
0 0.647705 0.612183 0.017578 0.018311
3 0.487061 0.596924 0.015625 0.027832
0 0.692871 0.604736 0.045410 0.042480
3 0.312134 0.601807 0.020752 0.032715
0 0.284668 0.626221 0.002930 0.008789
0 0.267090 0.590942 0.017090 0.015381
