4 0.973145 0.422729 0.042480 0.049561
4 0.952271 0.456055 0.014893 0.017578
3 0.341064 0.372803 0.033691 0.046387
1 0.341064 0.443604 0.022949 0.022461
3 0.714966 0.456543 0.007080 0.009766
0 0.341309 0.413574 0.026855 0.034180
3 0.420166 0.408325 0.014648 0.021729
3 0.787354 0.462769 0.006348 0.012451
0 0.709961 0.409912 0.009766 0.006836
0 0.621948 0.397095 0.005615 0.009521
0 0.800171 0.455322 0.005127 0.009766
0 0.973633 0.454590 0.025879 0.013184
1 0.952637 0.466919 0.007324 0.004639
0 0.647583 0.455200 0.011475 0.013428
