0 0.628662 0.544556 0.030273 0.009033
0 0.982422 0.816772 0.034668 0.222900
0 0.688599 0.673218 0.038818 0.171631
0 0.664551 0.636108 0.012207 0.076904
0 0.540039 0.625000 0.016602 0.025879
0 0.031738 0.592896 0.024902 0.010498
0 0.024902 0.582520 0.039551 0.012207
0 0.026123 0.570679 0.039551 0.010498
0 0.023315 0.560913 0.046631 0.011963
0 0.027710 0.549805 0.039307 0.013672
0 0.070923 0.588745 0.017334 0.011475
0 0.067505 0.578003 0.024170 0.010498
0 0.632202 0.578125 0.038818 0.010254
0 0.628296 0.570068 0.031006 0.009277
0 0.633545 0.561646 0.041504 0.010986
0 0.628662 0.552856 0.029785 0.010010
0 0.052979 0.605347 0.019043 0.061279
3 0.626587 0.605713 0.011475 0.011230
