3 0.423828 0.471680 0.015625 0.026855
0 0.564331 0.330322 0.072021 0.054688
0 0.554199 0.441772 0.005859 0.003662
0 0.491333 0.328613 0.074951 0.055176
0 0.562012 0.437744 0.001953 0.002930
0 0.466797 0.441650 0.004395 0.007812
0 0.529785 0.441284 0.001465 0.001221
0 0.546997 0.435059 0.007568 0.008789
0 0.502197 0.437256 0.006348 0.012695
0 0.530151 0.439209 0.001221 0.001465
0 0.523926 0.410400 0.013184 0.014160
0 0.550537 0.406982 0.005371 0.005859
0 0.521240 0.401245 0.005859 0.003662
3 0.444824 0.434326 0.007324 0.009277
0 0.498779 0.409790 0.037598 0.015381
3 0.015991 0.508301 0.005127 0.006348
0 0.344971 0.533813 0.021484 0.047119
0 0.280029 0.480591 0.031250 0.017334
0 0.015625 0.510620 0.008301 0.012939
3 0.423828 0.446045 0.008789 0.020996
0 0.542358 0.411377 0.024658 0.016602
0 0.651123 0.326416 0.103027 0.065918
3 0.356079 0.426758 0.020752 0.043945
0 0.445190 0.441528 0.015869 0.026123
3 0.354980 0.477783 0.040039 0.054688
0 0.646606 0.448730 0.006592 0.003906
0 0.562012 0.441162 0.002441 0.002441
