0 0.279297 0.712402 0.007324 0.008789
0 0.581787 0.697998 0.031738 0.023438
0 0.469360 0.675659 0.005615 0.007568
0 0.418457 0.443481 0.047852 0.017334
0 0.539062 0.674072 0.018066 0.005859
0 0.541382 0.712402 0.003174 0.005859
0 0.546021 0.711670 0.003174 0.006836
1 0.559448 0.707031 0.004150 0.005371
1 0.570435 0.711304 0.005615 0.003662
4 0.288696 0.717529 0.007080 0.008789
0 0.559692 0.700439 0.005615 0.004883
0 0.559204 0.694214 0.004150 0.004150
0 0.322021 0.722534 0.003906 0.006104
0 0.342651 0.725342 0.004150 0.005859
