0 0.023315 0.253052 0.020752 0.031006
0 0.013794 0.286133 0.027588 0.024414
0 0.023560 0.270752 0.012451 0.013672
0 0.613403 0.417236 0.018311 0.008301
0 0.284424 0.476074 0.015625 0.009277
3 0.283569 0.456177 0.026611 0.033936
0 0.549805 0.490723 0.004883 0.011719
0 0.549561 0.502441 0.004395 0.009766
0 0.577515 0.474121 0.005615 0.015137
0 0.577637 0.492432 0.008789 0.020996
3 0.732544 0.409546 0.043701 0.058350
0 0.731445 0.444458 0.025879 0.012939
0 0.940430 0.257324 0.015625 0.065430
0 0.612793 0.423828 0.010254 0.004395
0 0.562866 0.506958 0.004150 0.004639
