3 0.864746 0.457397 0.006836 0.009033
0 0.286743 0.467651 0.019775 0.008057
0 0.455444 0.530029 0.010498 0.014648
0 0.865479 0.457520 0.015137 0.020020
0 0.404663 0.536499 0.001709 0.009033
0 0.408325 0.536621 0.002197 0.009766
0 0.401001 0.536133 0.002197 0.008789
0 0.467896 0.540161 0.004639 0.020264
0 0.520264 0.543823 0.006348 0.029541
3 0.655396 0.462646 0.004639 0.023438
0 0.439209 0.536987 0.003906 0.014404
0 0.501343 0.553833 0.010498 0.046143
0 0.538574 0.576660 0.019043 0.091309
0 0.445557 0.533325 0.002441 0.010498
0 0.458740 0.539429 0.004395 0.016846
0 0.432129 0.536133 0.002930 0.011230
