3 0.306885 0.588257 0.009766 0.014893
3 0.355591 0.582031 0.010010 0.015625
0 0.501709 0.609131 0.024902 0.033691
0 0.519409 0.583984 0.025146 0.013672
1 0.263550 0.588257 0.009521 0.014893
0 0.218018 0.638184 0.010254 0.012695
0 0.274292 0.588501 0.009033 0.014893
0 0.316650 0.588013 0.009277 0.014893
0 0.435547 0.634399 0.007324 0.010986
0 0.435791 0.645264 0.005371 0.006348
0 0.350464 0.615723 0.010986 0.004883
0 0.357910 0.639771 0.006836 0.002686
0 0.326660 0.587158 0.009766 0.015137
0 0.365356 0.580811 0.009521 0.014648
0 0.403198 0.639771 0.010010 0.010498
0 0.435425 0.623169 0.008057 0.011963
