0 0.718262 0.627930 0.013672 0.009277
3 0.718262 0.613403 0.012695 0.017822
0 0.919312 0.623047 0.010498 0.007812
0 0.834229 0.628296 0.007324 0.014404
0 0.679932 0.623047 0.007812 0.013672
0 0.918579 0.611206 0.010010 0.015869
0 0.585815 0.634888 0.005127 0.009033
0 0.616089 0.628418 0.006104 0.010742
0 0.585938 0.642578 0.005371 0.005371
3 0.594482 0.638794 0.005859 0.003174
0 0.546509 0.634521 0.006104 0.009766
0 0.557617 0.642944 0.001953 0.005615
0 0.546021 0.643311 0.003662 0.007324
0 0.518311 0.612427 0.006348 0.009521
0 0.556885 0.636108 0.004395 0.008545
0 0.519653 0.643311 0.003662 0.005859
0 0.518921 0.623291 0.006104 0.011230
0 0.518677 0.635986 0.005127 0.006836
0 0.511597 0.646484 0.003662 0.005371
2 0.494873 0.587402 0.007812 0.008301
0 0.510376 0.637329 0.003662 0.006104
0 0.510620 0.642090 0.004150 0.003418
2 0.365356 0.638550 0.004639 0.008057
0 0.361938 0.636108 0.004150 0.002197
0 0.302368 0.620605 0.009033 0.017090
0 0.388428 0.622803 0.004395 0.003906
3 0.424683 0.609009 0.005127 0.008545
0 0.390747 0.636475 0.003174 0.005371
0 0.395386 0.611084 0.012939 0.004883
0 0.404297 0.609741 0.003906 0.007568
0 0.361816 0.630737 0.002930 0.007080
0 0.416626 0.609253 0.005127 0.007080
0 0.387939 0.617310 0.003906 0.004150
0 0.410889 0.609619 0.005371 0.007324
0 0.394287 0.635498 0.002441 0.006348
0 0.505493 0.652222 0.004150 0.011963
0 0.390747 0.642578 0.003174 0.006348
0 0.505249 0.641846 0.003662 0.009277
0 0.164307 0.194702 0.202637 0.041260
0 0.034546 0.202637 0.047607 0.065430
