3 0.349243 0.459961 0.015381 0.021484
3 0.250610 0.480469 0.004150 0.006348
3 0.585205 0.473389 0.006836 0.009766
1 0.349976 0.492310 0.011475 0.008545
0 0.668335 0.444336 0.012451 0.032715
2 0.321411 0.428711 0.004639 0.006348
3 0.178589 0.473633 0.005615 0.007812
3 0.091064 0.474487 0.004883 0.008057
2 0.349365 0.479370 0.011230 0.016846
0 0.250732 0.486328 0.004395 0.003906
3 0.106079 0.484741 0.004150 0.005127
3 0.050781 0.504028 0.004883 0.006104
3 0.668701 0.441284 0.007324 0.017822
3 0.178101 0.464478 0.005127 0.006592
3 0.113647 0.508545 0.005615 0.007324
3 0.050659 0.526978 0.021729 0.027100
0 0.322754 0.445557 0.032227 0.045898
2 0.386719 0.477539 0.001953 0.010742
