0 0.426147 0.486084 0.049072 0.031738
0 0.627441 0.515625 0.002930 0.010254
0 0.616577 0.495361 0.004639 0.006348
0 0.642090 0.514648 0.002930 0.008301
0 0.656860 0.513794 0.001709 0.005615
0 0.589233 0.517090 0.004150 0.014160
0 0.655151 0.515259 0.002197 0.007080
0 0.613525 0.516602 0.003418 0.011230
3 0.574341 0.484131 0.013428 0.018066
0 0.565186 0.519775 0.004395 0.016602
0 0.534912 0.522461 0.005371 0.019043
0 0.489990 0.524658 0.005859 0.022949
0 0.431396 0.532593 0.007324 0.027588
0 0.415527 0.485962 0.016113 0.021729
3 0.635864 0.489746 0.008057 0.011719
0 0.302002 0.548462 0.010742 0.040771
1 0.099731 0.446045 0.059326 0.015625
0 0.585083 0.493530 0.004150 0.005615
0 0.436401 0.486572 0.016357 0.021484
0 0.468262 0.497192 0.032227 0.018799
0 0.618286 0.502319 0.028076 0.009033
0 0.386108 0.491211 0.032471 0.022461
0 0.101318 0.388184 0.060547 0.108887
3 0.646851 0.494263 0.007080 0.009521
