0 0.100830 0.387085 0.105957 0.104248
0 0.545654 0.596313 0.002441 0.003662
0 0.573730 0.234375 0.076660 0.100586
0 0.488892 0.209961 0.063232 0.096191
0 0.397461 0.223511 0.076172 0.097412
0 0.837402 0.548828 0.063477 0.054199
0 0.880249 0.536865 0.023193 0.029785
0 0.975220 0.601196 0.049072 0.043701
0 0.970459 0.561035 0.023438 0.033203
1 0.967285 0.524902 0.016602 0.020508
3 0.965942 0.496948 0.012939 0.032959
0 0.963135 0.458252 0.013672 0.032715
0 0.034790 0.490967 0.069580 0.063965
0 0.131226 0.498291 0.037354 0.032715
0 0.133667 0.459961 0.045654 0.039062
0 0.565308 0.595581 0.001709 0.003174
0 0.584839 0.596436 0.003174 0.003906
