3 0.328125 0.442017 0.035645 0.046631
0 0.330322 0.324829 0.023926 0.031006
0 0.329834 0.366333 0.023926 0.027100
0 0.325439 0.494263 0.028320 0.058838
0 0.496460 0.459961 0.005127 0.005859
3 0.559814 0.451172 0.006348 0.008789
0 0.502319 0.459717 0.004150 0.005371
0 0.805542 0.320190 0.030518 0.037842
0 0.806519 0.316772 0.020752 0.025146
0 0.804199 0.350098 0.021973 0.020996
0 0.760254 0.413818 0.016113 0.015625
3 0.551270 0.451294 0.006836 0.009033
3 0.760254 0.393555 0.017090 0.021484
3 0.772705 0.434082 0.015625 0.020996
3 0.960449 0.349487 0.041992 0.049561
3 0.784790 0.393555 0.017334 0.021973
4 0.555542 0.437622 0.011963 0.015381
0 0.960205 0.394165 0.041016 0.037354
0 0.783447 0.414429 0.017578 0.015869
0 0.330200 0.328857 0.033936 0.047363
0 0.499268 0.453857 0.003906 0.004883
