0 0.124512 0.283447 0.029785 0.034668
0 0.125854 0.346191 0.019775 0.023926
0 0.248779 0.285156 0.085938 0.055664
0 0.555786 0.534302 0.005127 0.005615
0 0.556274 0.527832 0.005127 0.009277
0 0.709839 0.566284 0.011963 0.022705
0 0.970093 0.535645 0.013916 0.047363
4 0.825562 0.437866 0.027100 0.085205
3 0.275513 0.521973 0.007080 0.027832
3 0.094360 0.497925 0.022217 0.050049
3 0.139526 0.440796 0.030029 0.029053
3 0.411743 0.528687 0.011963 0.008545
0 0.756958 0.558838 0.005615 0.011719
3 0.094482 0.465698 0.018555 0.017334
0 0.737061 0.548096 0.006348 0.019531
