3 0.595703 0.458008 0.003418 0.004883
0 0.774414 0.288818 0.011230 0.019531
0 0.748169 0.294189 0.036865 0.010742
0 0.408936 0.361694 0.012207 0.023193
3 0.492920 0.412109 0.009277 0.004395
0 0.490967 0.418945 0.003906 0.006836
0 0.519287 0.486084 0.012695 0.048828
0 0.415771 0.386353 0.004395 0.009033
3 0.652466 0.413208 0.009521 0.014893
0 0.651733 0.435547 0.005615 0.012695
0 0.779785 0.371094 0.011230 0.021973
0 0.081665 0.359009 0.018799 0.061768
0 0.346069 0.361694 0.024658 0.063721
0 0.994385 0.312256 0.010742 0.072266
0 0.291870 0.420898 0.004150 0.014160
3 0.351685 0.367065 0.010010 0.013916
0 0.080322 0.346558 0.016602 0.033447
3 0.523438 0.489990 0.004395 0.006348
0 0.779541 0.365479 0.007324 0.009766
0 0.340820 0.367310 0.009766 0.012939
0 0.345581 0.343872 0.010498 0.022705
0 0.408936 0.359131 0.009277 0.014160
0 0.522949 0.498169 0.004395 0.007568
0 0.340942 0.382080 0.010010 0.013184
0 0.517334 0.497559 0.004883 0.005859
0 0.521118 0.470947 0.005127 0.011719
0 0.352295 0.382446 0.009766 0.013428
0 0.517334 0.490112 0.004395 0.006104
0 0.492432 0.407593 0.008301 0.004150
