3 0.645020 0.716797 0.008789 0.015137
3 0.545410 0.712891 0.015137 0.023438
2 0.707275 0.600342 0.051758 0.059570
4 0.488159 0.727783 0.007080 0.008789
0 0.609741 0.685669 0.019775 0.008057
0 0.806641 0.622559 0.044922 0.057129
0 0.644043 0.701782 0.006348 0.014404
0 0.630615 0.685303 0.018555 0.007324
0 0.632324 0.693726 0.021484 0.007568
0 0.611938 0.692383 0.017334 0.008301
3 0.544067 0.690063 0.018799 0.023682
0 0.345825 0.753296 0.015381 0.007568
0 0.357544 0.746582 0.007080 0.006836
0 0.346191 0.746216 0.020996 0.010010
