0 0.619873 0.483032 0.005859 0.021240
0 0.285889 0.368530 0.054199 0.025635
3 0.325928 0.315063 0.016602 0.020752
0 0.286011 0.390869 0.052979 0.020996
0 0.343506 0.336914 0.053223 0.020508
3 0.361084 0.317261 0.017090 0.020752
0 0.342773 0.385376 0.053223 0.034424
0 0.325439 0.376221 0.013184 0.009277
0 0.632080 0.439087 0.006836 0.022217
2 0.336670 0.336304 0.010254 0.013916
0 0.342773 0.356812 0.053223 0.025146
0 0.625977 0.453247 0.026367 0.088623
0 0.633545 0.382568 0.008301 0.031250
3 0.630127 0.483398 0.007324 0.021484
0 0.631958 0.419556 0.011475 0.013916
0 0.615601 0.423096 0.003662 0.011230
0 0.628418 0.383301 0.028320 0.052246
0 0.343384 0.322266 0.013428 0.009766
0 0.615601 0.444946 0.004150 0.013916
