3 0.523315 0.533936 0.011963 0.021484
0 0.862061 0.532715 0.013184 0.029297
0 0.764160 0.530640 0.011230 0.018311
0 0.557007 0.531860 0.038330 0.014893
0 0.451294 0.511841 0.042236 0.076904
0 0.764526 0.541382 0.005127 0.010498
0 0.760376 0.562012 0.022217 0.029297
0 0.557251 0.516357 0.037842 0.015625
0 0.647339 0.533569 0.010986 0.018799
0 0.547363 0.513428 0.018555 0.033203
0 0.648682 0.547852 0.004395 0.007812
0 0.672363 0.546875 0.002930 0.005859
0 0.507568 0.520020 0.006836 0.019043
0 0.508545 0.535034 0.004883 0.008057
0 0.660522 0.548096 0.002686 0.006348
