4 0.448975 0.499878 0.014648 0.022705
1 0.448853 0.520630 0.010498 0.018311
3 0.414673 0.538574 0.004150 0.007324
0 0.448975 0.508667 0.020996 0.050049
0 0.414795 0.548584 0.003906 0.007812
3 0.392090 0.510376 0.003418 0.006104
0 0.394531 0.511230 0.010254 0.011719
0 0.414917 0.544189 0.006104 0.018066
0 0.397217 0.511475 0.003418 0.005859
0 0.431641 0.547241 0.003906 0.014893
0 0.418945 0.549438 0.004883 0.006592
0 0.392090 0.539673 0.002930 0.006104
0 0.423218 0.543823 0.003662 0.006592
0 0.395508 0.556274 0.003906 0.004150
0 0.355591 0.551025 0.004150 0.007812
0 0.372437 0.562134 0.004150 0.012939
