3 0.447021 0.584351 0.015137 0.007568
3 0.657837 0.592529 0.022705 0.009766
0 0.072021 0.401855 0.068359 0.097656
0 0.061279 0.479126 0.034668 0.063721
0 0.599609 0.529419 0.039551 0.013916
0 0.514893 0.519775 0.009766 0.017090
3 0.425659 0.580200 0.004150 0.010010
0 0.417725 0.383057 0.029785 0.067383
0 0.390137 0.562378 0.016113 0.030029
0 0.671509 0.595581 0.010986 0.021240
0 0.608765 0.591675 0.007568 0.009521
3 0.063354 0.470947 0.024170 0.030762
3 0.722534 0.593140 0.009033 0.017334
0 0.417969 0.392212 0.028320 0.044189
0 0.535645 0.597534 0.002441 0.004150
