0 0.413208 0.633789 0.012939 0.007812
0 0.456543 0.641724 0.005371 0.007568
0 0.385498 0.613037 0.016602 0.007324
0 0.467773 0.598511 0.039551 0.010010
0 0.462280 0.622925 0.009521 0.007080
0 0.430908 0.643677 0.002930 0.005615
0 0.014893 0.520508 0.010254 0.016113
0 0.994629 0.408325 0.009766 0.030029
0 0.320679 0.604980 0.028564 0.027832
0 0.435059 0.602783 0.026367 0.025879
0 0.468628 0.609497 0.040283 0.010498
0 0.501831 0.643921 0.013916 0.010986
0 0.476929 0.587769 0.021240 0.012451
0 0.462891 0.628784 0.010742 0.005127
