3 0.791016 0.495361 0.030273 0.037109
3 0.468262 0.624023 0.011230 0.016113
0 0.623047 0.586182 0.015137 0.029785
0 0.454956 0.386230 0.025146 0.035645
3 0.781006 0.605103 0.004883 0.024170
0 0.246216 0.377808 0.121826 0.096924
0 0.665527 0.344238 0.133789 0.104980
0 0.264526 0.370483 0.011475 0.014893
2 0.212524 0.374756 0.007568 0.015137
0 0.679810 0.357666 0.013916 0.011719
0 0.290161 0.345581 0.012939 0.017822
0 0.197754 0.352783 0.012695 0.017578
2 0.627808 0.340698 0.009521 0.016357
0 0.714966 0.314209 0.014404 0.018555
0 0.455078 0.362915 0.125000 0.098877
3 0.799438 0.517822 0.026123 0.038086
0 0.467773 0.591553 0.013184 0.006836
0 0.281860 0.405151 0.008057 0.007080
