0 0.618774 0.523926 0.011475 0.004883
0 0.634399 0.523193 0.012451 0.004883
0 0.619263 0.530273 0.011475 0.003418
0 0.619263 0.538208 0.011475 0.005615
0 0.633423 0.531128 0.009521 0.005127
0 0.524658 0.556274 0.008789 0.004150
0 0.525146 0.561768 0.007812 0.002930
0 0.689941 0.550659 0.031738 0.010986
0 0.396851 0.467773 0.073975 0.041016
0 0.499268 0.440918 0.040039 0.063965
0 0.581055 0.434326 0.102539 0.064453
0 0.540405 0.567383 0.004639 0.005371
3 0.529907 0.574341 0.004639 0.005615
3 0.628174 0.562622 0.004395 0.006104
3 0.843262 0.518066 0.020996 0.024902
0 0.674805 0.539062 0.043457 0.028320
0 0.666748 0.515625 0.015625 0.029785
0 0.313477 0.556519 0.021484 0.019775
0 0.776367 0.568604 0.004883 0.005371
0 0.498901 0.421387 0.022705 0.012207
0 0.566040 0.436401 0.007568 0.010498
0 0.675171 0.570923 0.005615 0.007568
0 0.617065 0.543457 0.008545 0.003418
