2 0.392212 0.410889 0.005127 0.013184
3 0.232056 0.405762 0.030518 0.041504
3 0.231201 0.361206 0.030762 0.040283
2 0.870361 0.440674 0.014160 0.018555
2 0.456177 0.315918 0.017334 0.052734
2 0.532227 0.437012 0.004883 0.008789
2 0.839966 0.432739 0.006592 0.012451
2 0.346802 0.424316 0.007568 0.010254
0 0.799438 0.442505 0.008545 0.010498
0 0.232056 0.437866 0.014893 0.019287
3 0.600098 0.400269 0.011230 0.018799
0 0.392334 0.420410 0.006348 0.005371
0 0.799194 0.450195 0.007080 0.003906
0 0.599854 0.419434 0.009766 0.018066
0 0.346802 0.435059 0.007080 0.004395
0 0.346802 0.441772 0.007080 0.010010
0 0.607178 0.424316 0.002930 0.013672
0 0.383667 0.459839 0.006104 0.009521
0 0.598877 0.441895 0.003418 0.006348
0 0.346802 0.431885 0.007080 0.003418
0 0.391968 0.434448 0.005615 0.013428
0 0.391968 0.425049 0.006104 0.005859
0 0.604004 0.443359 0.003906 0.007324
0 0.599121 0.432373 0.011230 0.006836
