3 0.086548 0.391357 0.018799 0.028809
0 0.355225 0.449829 0.006836 0.005127
0 0.433594 0.458008 0.004395 0.007324
0 0.403687 0.436768 0.009033 0.005371
0 0.384033 0.451172 0.004883 0.008789
0 0.404297 0.443970 0.008301 0.004639
0 0.290161 0.418701 0.010010 0.025391
0 0.422974 0.459229 0.002686 0.003418
0 0.615967 0.394287 0.056152 0.026855
0 0.186890 0.383545 0.019775 0.045898
0 0.023804 0.207886 0.047607 0.037842
0 0.187622 0.377563 0.012939 0.024170
0 0.615234 0.412109 0.055664 0.024902
0 0.323853 0.229736 0.102295 0.042969
4 0.355469 0.440430 0.009766 0.013672
4 0.646362 0.386108 0.031982 0.054443
0 0.422607 0.461914 0.002441 0.002441
