4 0.236328 0.428955 0.009766 0.012207
0 0.302734 0.431885 0.006348 0.009277
0 0.392578 0.432129 0.006348 0.010254
0 0.342407 0.442627 0.004150 0.002441
0 0.187988 0.429077 0.009766 0.012451
0 0.283936 0.429443 0.005859 0.005371
0 0.436035 0.428101 0.008301 0.008057
0 0.382568 0.442505 0.003906 0.001709
0 0.046631 0.432373 0.005371 0.005371
0 0.420288 0.428345 0.008545 0.008545
0 0.436157 0.417236 0.010010 0.014160
0 0.283447 0.422363 0.005859 0.008301
0 0.420532 0.407104 0.008545 0.006104
0 0.419800 0.417114 0.010010 0.012451
0 0.283813 0.415527 0.006592 0.003906
0 0.386475 0.432251 0.005859 0.010498
