0 0.469971 0.603882 0.007324 0.013428
2 0.581299 0.605469 0.007324 0.009277
0 0.580811 0.612061 0.005859 0.002930
0 0.498901 0.611572 0.004639 0.007812
0 0.498779 0.616821 0.003906 0.003174
0 0.359009 0.639038 0.023682 0.030518
0 0.367554 0.635498 0.004150 0.005859
0 0.469971 0.602295 0.005371 0.007812
0 0.360840 0.630737 0.004395 0.005127
0 0.363892 0.635254 0.004150 0.004395
0 0.359985 0.640747 0.003174 0.004639
0 0.360107 0.635376 0.003418 0.005127
0 0.363892 0.640381 0.003662 0.004883
0 0.367798 0.640381 0.005127 0.004883
