2 0.321533 0.653076 0.014160 0.025879
2 0.653687 0.750488 0.012451 0.020020
3 0.025879 0.665161 0.012695 0.014893
0 0.074463 0.668701 0.011719 0.014648
2 0.655273 0.777222 0.012207 0.023193
0 0.348999 0.783325 0.025146 0.049561
0 0.221802 0.734497 0.010010 0.013916
3 0.129395 0.760986 0.006348 0.008301
0 0.336304 0.753052 0.013428 0.027588
3 0.221191 0.751221 0.009277 0.013184
0 0.203857 0.759277 0.024414 0.029297
0 0.352905 0.707275 0.018311 0.022461
0 0.254272 0.704346 0.021240 0.024902
0 0.038208 0.699585 0.031006 0.028076
0 0.148804 0.702148 0.026123 0.026855
0 0.009644 0.664062 0.012451 0.016602
0 0.058105 0.667358 0.011230 0.014893
3 0.042236 0.666016 0.011719 0.014160
