0 0.477295 0.619019 0.003418 0.008057
4 0.492676 0.600098 0.021484 0.028809
3 0.701172 0.617188 0.014648 0.019043
0 0.436768 0.580811 0.018066 0.005371
3 0.493042 0.632446 0.010986 0.014893
4 0.595337 0.613647 0.003662 0.015381
0 0.343384 0.581055 0.006104 0.009766
3 0.229004 0.625854 0.008301 0.010986
0 0.337280 0.636719 0.006592 0.007324
0 0.352173 0.615112 0.003174 0.005615
0 0.092529 0.586548 0.014160 0.005615
0 0.336670 0.627441 0.006348 0.007812
3 0.092407 0.625122 0.004639 0.010498
3 0.091919 0.634644 0.004639 0.008545
