3 0.325684 0.571167 0.007324 0.009521
0 0.487549 0.594482 0.003418 0.009766
0 0.612305 0.563721 0.010254 0.016602
0 0.706055 0.565186 0.005859 0.007812
0 0.777100 0.594482 0.006836 0.004395
3 0.442017 0.577271 0.007080 0.008545
0 0.706665 0.547485 0.007568 0.024658
0 0.487671 0.583740 0.007080 0.009766
0 0.487671 0.575439 0.007080 0.004883
0 0.649414 0.552612 0.018555 0.011475
0 0.706177 0.575073 0.006104 0.008545
0 0.777344 0.589966 0.005859 0.005615
0 0.530151 0.569214 0.007080 0.008057
0 0.776855 0.580933 0.005859 0.011475
4 0.644043 0.643188 0.008789 0.032959
3 0.325317 0.579834 0.007080 0.006348
0 0.612305 0.550171 0.010742 0.010010
2 0.092407 0.548706 0.025146 0.031494
3 0.649170 0.527588 0.025879 0.036133
2 0.487549 0.568237 0.006348 0.007568
3 0.648804 0.490112 0.026611 0.036377
2 0.776855 0.569946 0.006348 0.009521
2 0.712158 0.400269 0.042969 0.058838
3 0.451172 0.574219 0.008301 0.011230
2 0.612305 0.537354 0.010254 0.012207
0 0.460205 0.548462 0.021484 0.010986
0 0.453369 0.558228 0.007324 0.010010
