0 0.649048 0.527710 0.009521 0.013428
0 0.567993 0.531494 0.008057 0.009766
2 0.752930 0.461914 0.020508 0.026855
3 0.753296 0.487183 0.019775 0.018799
3 0.692871 0.483276 0.010254 0.011475
4 0.731079 0.497925 0.020752 0.027588
0 0.673340 0.517456 0.021973 0.014404
4 0.265381 0.509521 0.020996 0.031250
0 0.693115 0.486694 0.021484 0.033447
0 0.611084 0.528931 0.008789 0.010010
0 0.731201 0.518066 0.012207 0.007324
0 0.484009 0.542603 0.007080 0.007568
0 0.543701 0.505371 0.012207 0.004883
0 0.518921 0.538208 0.010010 0.006592
1 0.265015 0.528687 0.010010 0.006592
0 0.629639 0.526245 0.007324 0.010986
