3 0.369629 0.669556 0.005371 0.012451
4 0.392212 0.669800 0.005127 0.008057
3 0.027466 0.658203 0.006592 0.015137
0 0.643311 0.567017 0.017090 0.014404
0 0.334351 0.596558 0.023682 0.006592
0 0.956543 0.651978 0.027832 0.025146
0 0.369873 0.597290 0.024414 0.006592
0 0.373535 0.676392 0.003418 0.002686
0 0.391968 0.675293 0.004639 0.002930
0 0.373535 0.672363 0.003906 0.005371
0 0.973877 0.621338 0.032227 0.039551
0 0.939697 0.619141 0.030273 0.039551
0 0.025757 0.673462 0.003174 0.015869
0 0.767090 0.702148 0.008301 0.013672
0 0.368896 0.681152 0.002930 0.012695
