0 0.580933 0.400757 0.011963 0.019775
0 0.690552 0.349365 0.113525 0.108887
3 0.493530 0.411377 0.004150 0.005859
0 0.713623 0.282227 0.066406 0.024902
2 0.656860 0.418823 0.018799 0.026123
0 0.508911 0.406982 0.008057 0.013184
0 0.383423 0.413940 0.005615 0.007080
0 0.665527 0.343506 0.022461 0.030762
0 0.714600 0.343994 0.022461 0.030273
0 0.436890 0.416504 0.003174 0.003906
1 0.516724 0.409790 0.002686 0.004150
0 0.544067 0.408813 0.002686 0.004150
0 0.558105 0.400757 0.008789 0.032471
1 0.531860 0.409424 0.002686 0.004395
0 0.551270 0.404297 0.007324 0.023438
