2 0.644043 0.670166 0.018555 0.025879
0 0.586548 0.715332 0.004150 0.002930
0 0.416382 0.673828 0.015381 0.009277
0 0.643921 0.689209 0.017822 0.012695
3 0.592529 0.681519 0.011230 0.015869
2 0.577515 0.702393 0.007080 0.009277
3 0.586914 0.705566 0.004395 0.005371
3 0.560913 0.698975 0.006592 0.009277
0 0.586792 0.718750 0.004150 0.003906
3 0.554321 0.699463 0.006104 0.009277
0 0.554565 0.715454 0.006592 0.009521
0 0.529541 0.713501 0.006348 0.008545
0 0.529663 0.720337 0.005127 0.006104
0 0.538208 0.720703 0.003662 0.004883
0 0.537964 0.724976 0.001709 0.002686
2 0.417358 0.658569 0.015381 0.020752
2 0.586914 0.711060 0.004395 0.005615
3 0.554932 0.707642 0.005371 0.007080
0 0.416382 0.684692 0.014893 0.010498
0 0.643311 0.702393 0.019043 0.015137
