0 0.446045 0.628784 0.009277 0.012939
3 0.753906 0.673340 0.016602 0.027832
0 0.541016 0.677124 0.010742 0.014404
3 0.733521 0.673096 0.009521 0.010742
0 0.204346 0.134888 0.056641 0.064697
0 0.859375 0.185059 0.279785 0.203613
0 0.550049 0.632324 0.007812 0.013672
0 0.327148 0.150391 0.407227 0.190430
0 0.596313 0.648682 0.020752 0.007812
0 0.855347 0.540894 0.068604 0.069580
0 0.752686 0.646851 0.020020 0.022705
0 0.530396 0.684570 0.006592 0.007324
0 0.336304 0.137329 0.051025 0.062744
0 0.628418 0.718018 0.017090 0.023438
