0 0.063110 0.452271 0.012939 0.008545
3 0.323853 0.438965 0.047607 0.062988
3 0.741089 0.436401 0.020264 0.047607
0 0.715820 0.427124 0.065918 0.022705
3 0.517578 0.472046 0.005859 0.008545
0 0.359619 0.587891 0.023926 0.110352
0 0.468872 0.549072 0.013916 0.062500
0 0.197144 0.528442 0.010498 0.043213
0 0.532471 0.562256 0.012695 0.064941
0 0.255005 0.503540 0.005127 0.020264
0 0.203979 0.512207 0.008057 0.034180
0 0.348999 0.508179 0.004639 0.023193
0 0.280518 0.493652 0.003906 0.014648
0 0.288330 0.492798 0.002441 0.012939
0 0.286255 0.490845 0.002686 0.010010
0 0.468506 0.497192 0.002930 0.015381
0 0.346802 0.497925 0.002686 0.014893
0 0.342773 0.496216 0.002441 0.013428
