0 0.234863 0.738403 0.008301 0.011963
3 0.053467 0.772705 0.011230 0.023926
4 0.632080 0.694580 0.020996 0.028320
0 0.205444 0.762939 0.011963 0.025391
0 0.132080 0.771484 0.016602 0.023926
0 0.095825 0.776245 0.011475 0.024170
0 0.169556 0.766724 0.016357 0.023193
0 0.234741 0.759033 0.010010 0.014648
0 0.148926 0.766479 0.011230 0.020264
0 0.020264 0.780273 0.009766 0.021484
0 0.216675 0.746460 0.009521 0.019287
0 0.726318 0.719116 0.015625 0.023682
0 0.114258 0.769775 0.009766 0.020996
0 0.171387 0.746582 0.010254 0.005859
0 0.087891 0.755737 0.008789 0.005615
