0 0.836426 0.596802 0.006348 0.010986
0 0.741577 0.565674 0.008057 0.013672
0 0.388184 0.561279 0.001465 0.003906
0 0.371216 0.562134 0.001709 0.004150
3 0.314819 0.560059 0.004639 0.006348
3 0.278198 0.558838 0.005615 0.006836
3 0.339722 0.560425 0.005615 0.007080
3 0.267578 0.558716 0.003418 0.010010
3 0.432129 0.564331 0.005371 0.007080
0 0.520630 0.567505 0.001709 0.006104
0 0.543457 0.569214 0.001953 0.007568
3 0.726440 0.583130 0.014893 0.020752
0 0.765137 0.569092 0.007812 0.017090
0 0.836670 0.608521 0.006348 0.009521
0 0.609863 0.567261 0.002441 0.010498
