1 0.355591 0.553711 0.008545 0.016602
1 0.403687 0.547485 0.006104 0.012451
1 0.441650 0.542358 0.004883 0.010010
1 0.381470 0.550659 0.007080 0.013428
1 0.423218 0.545654 0.005615 0.011230
1 0.461060 0.541016 0.005127 0.009766
1 0.477539 0.539062 0.004395 0.008301
4 0.740723 0.357666 0.091309 0.119629
0 0.747681 0.455200 0.107178 0.085205
1 0.493774 0.537598 0.004150 0.007324
1 0.508301 0.535645 0.003418 0.007324
0 0.524048 0.534790 0.004150 0.008057
0 0.539551 0.533813 0.003906 0.007568
0 0.554443 0.532593 0.003418 0.007568
0 0.583984 0.531128 0.003418 0.007080
0 0.613770 0.529785 0.002441 0.005859
0 0.569092 0.532227 0.002930 0.006836
0 0.654541 0.526733 0.001953 0.005615
0 0.628052 0.529053 0.002197 0.005859
0 0.669312 0.525391 0.002197 0.005371
0 0.683716 0.524902 0.002197 0.004395
0 0.599243 0.530273 0.003174 0.007812
0 0.641113 0.527832 0.002441 0.006348
