3 0.670166 0.520386 0.016113 0.022705
3 0.908325 0.398071 0.023193 0.040771
0 0.906860 0.469971 0.038330 0.062988
3 0.402100 0.534424 0.033203 0.039062
4 0.748901 0.455078 0.048584 0.096191
3 0.670044 0.486816 0.009521 0.021973
0 0.868774 0.560669 0.030029 0.016846
0 0.908691 0.403076 0.037598 0.074219
0 0.594971 0.532349 0.068359 0.055908
3 0.467041 0.568359 0.010254 0.020020
0 0.608765 0.603760 0.067139 0.028320
0 0.670044 0.552246 0.025635 0.018555
0 0.565186 0.576538 0.019531 0.025635
0 0.670898 0.524170 0.024902 0.034668
0 0.559204 0.596680 0.002686 0.007812
0 0.563965 0.602905 0.016602 0.022705
3 0.906006 0.462402 0.024414 0.038574
0 0.608154 0.576294 0.067383 0.028564
0 0.558960 0.607056 0.001709 0.008545
0 0.402466 0.567261 0.017334 0.008545
2 0.611572 0.550293 0.005371 0.008789
0 0.669922 0.489502 0.010742 0.034180
0 0.523315 0.621704 0.004150 0.006592
0 0.594849 0.494263 0.052979 0.018799
2 0.578247 0.515015 0.006104 0.008057
