2 0.531372 0.215942 0.034424 0.074463
0 0.692139 0.377075 0.003906 0.004639
0 0.680298 0.369019 0.005615 0.008545
0 0.678345 0.360229 0.008057 0.010498
0 0.618652 0.389404 0.003418 0.004883
0 0.621704 0.389404 0.002197 0.004883
0 0.326782 0.380493 0.007080 0.006104
0 0.652832 0.321777 0.028809 0.039551
0 0.325928 0.374146 0.008301 0.006104
0 0.103027 0.370728 0.017090 0.019287
0 0.533569 0.294800 0.034912 0.034424
0 0.695190 0.360596 0.008545 0.004883
0 0.445312 0.367310 0.016602 0.007080
0 0.380371 0.359375 0.023926 0.008301
0 0.359619 0.351562 0.037109 0.013672
0 0.362427 0.339966 0.030518 0.013916
3 0.326050 0.363403 0.007568 0.016357
3 0.532837 0.265137 0.032959 0.035156
