0 0.972290 0.511475 0.055420 0.101562
0 0.502319 0.686768 0.001709 0.013184
0 0.469849 0.697144 0.004639 0.029541
0 0.504761 0.671509 0.008545 0.007080
0 0.493164 0.689697 0.002930 0.017578
0 0.503784 0.687256 0.001709 0.012695
0 0.480469 0.693237 0.003906 0.024658
0 0.487915 0.691772 0.003174 0.021729
0 0.500122 0.687378 0.002197 0.014404
0 0.423950 0.703125 0.008545 0.056641
0 0.318726 0.657471 0.021729 0.022461
0 0.339233 0.712036 0.016357 0.100830
0 0.319824 0.586670 0.020020 0.041016
0 0.319336 0.634399 0.020508 0.027100
0 0.961182 0.298096 0.055176 0.072754
0 0.277588 0.621948 0.063965 0.045166
0 0.318848 0.612061 0.021484 0.027344
0 0.968140 0.400024 0.053955 0.090576
2 0.267578 0.613281 0.006836 0.016113
0 0.496582 0.688721 0.002930 0.015625
0 0.489624 0.666870 0.015869 0.010498
