3 0.594849 0.459839 0.010986 0.014404
4 0.594238 0.476685 0.015625 0.019775
4 0.618286 0.463989 0.025635 0.031006
0 0.582520 0.503906 0.017578 0.016113
3 0.581543 0.489624 0.006836 0.011475
0 0.522339 0.521484 0.002197 0.009766
0 0.595093 0.496460 0.023193 0.024170
0 0.529907 0.521606 0.002197 0.010986
0 0.541382 0.522461 0.001221 0.010254
0 0.515503 0.506836 0.005127 0.004883
1 0.618286 0.483032 0.023682 0.012451
0 0.546997 0.522949 0.001221 0.007324
0 0.558105 0.520264 0.001953 0.006836
0 0.561768 0.523193 0.001953 0.010742
0 0.634277 0.520386 0.002441 0.006104
