0 0.536499 0.523560 0.012939 0.034912
0 0.099121 0.632935 0.007812 0.013428
0 0.099731 0.618408 0.006592 0.014648
0 0.137451 0.612915 0.011230 0.016846
3 0.136841 0.631348 0.010010 0.016602
0 0.144897 0.636475 0.006104 0.019531
0 0.146240 0.617065 0.008789 0.018311
0 0.671265 0.625488 0.006104 0.004883
0 0.670776 0.615967 0.010010 0.013184
0 0.281860 0.617065 0.008545 0.008545
3 0.653320 0.605835 0.010254 0.017822
4 0.269287 0.661255 0.033203 0.044678
0 0.426392 0.624878 0.006104 0.011963
0 0.134888 0.550781 0.017822 0.011719
0 0.155762 0.550537 0.019043 0.008789
0 0.618042 0.509521 0.040283 0.017090
0 0.391846 0.652954 0.003906 0.018311
0 0.682495 0.648804 0.011475 0.017334
0 0.375488 0.646240 0.017578 0.026855
0 0.597290 0.656494 0.006592 0.009766
0 0.517334 0.653564 0.011230 0.015625
4 0.282837 0.601440 0.013916 0.021240
3 0.653931 0.624390 0.013916 0.018311
