3 0.235352 0.547607 0.018555 0.035645
0 0.234375 0.623291 0.020020 0.036621
0 0.213745 0.660767 0.019775 0.035400
0 0.234985 0.661743 0.019287 0.036865
0 0.235474 0.585449 0.019775 0.033691
0 0.585693 0.523438 0.006836 0.010254
0 0.214111 0.547485 0.019043 0.034424
0 0.213867 0.585205 0.019531 0.034668
0 0.578857 0.500854 0.006348 0.010498
0 0.213745 0.623169 0.019287 0.036377
0 0.578857 0.534180 0.006836 0.011719
0 0.585327 0.500610 0.006104 0.010986
0 0.586182 0.534668 0.006348 0.010742
0 0.585571 0.511963 0.006592 0.010254
0 0.578735 0.511963 0.006592 0.011230
0 0.579224 0.522827 0.006592 0.010498
