0 0.458740 0.418457 0.006836 0.013672
2 0.554932 0.407959 0.013672 0.015137
4 0.662964 0.409058 0.004639 0.006104
0 0.833130 0.331055 0.031494 0.018555
4 0.534058 0.429810 0.014893 0.018311
1 0.833252 0.356445 0.031738 0.036621
4 0.438599 0.434692 0.014893 0.017822
0 0.537964 0.415405 0.006592 0.013916
0 0.624756 0.411011 0.002930 0.004150
0 0.548096 0.403198 0.005859 0.010010
0 0.678345 0.408203 0.006104 0.003906
0 0.930054 0.396973 0.003174 0.004395
0 0.668091 0.405762 0.002686 0.004395
0 0.861084 0.395874 0.002441 0.003662
0 0.833618 0.346191 0.031494 0.052734
