4 0.261963 0.417480 0.030273 0.040527
0 0.387817 0.441284 0.005127 0.007568
0 0.535278 0.317749 0.074463 0.058838
0 0.405762 0.446167 0.004395 0.005615
0 0.420654 0.429810 0.012207 0.010498
0 0.545898 0.280273 0.046387 0.019531
0 0.522705 0.356201 0.017090 0.010742
0 0.328979 0.319946 0.064209 0.038330
2 0.657837 0.355713 0.018311 0.022949
0 0.261963 0.379883 0.022949 0.037598
0 0.286011 0.432007 0.006592 0.030518
1 0.552979 0.442383 0.004883 0.024902
0 0.421631 0.423218 0.007812 0.003662
0 0.658203 0.374023 0.014648 0.014160
0 0.523682 0.308350 0.016602 0.022461
