0 0.142456 0.233398 0.024658 0.034668
0 0.986938 0.418335 0.011475 0.040283
0 0.717407 0.417236 0.007080 0.012207
3 0.486084 0.354736 0.014160 0.008789
0 0.143677 0.285522 0.028076 0.072510
0 0.484741 0.392456 0.015869 0.026123
1 0.158325 0.346069 0.027100 0.050537
0 0.145630 0.198975 0.022705 0.033691
0 0.141479 0.339233 0.022217 0.045166
0 0.112061 0.333252 0.029785 0.052734
0 0.116699 0.159790 0.033203 0.041748
3 0.486572 0.371216 0.016113 0.024658
0 0.112671 0.262939 0.041748 0.083496
0 0.156738 0.180908 0.029785 0.037598
0 0.155762 0.279053 0.036621 0.072266
0 0.115479 0.199341 0.033203 0.037354
3 0.293213 0.370361 0.012695 0.024414
3 0.297729 0.410522 0.014893 0.057861
0 0.717163 0.430176 0.016357 0.041992
0 0.986694 0.407959 0.005127 0.012207
