3 0.464600 0.707642 0.006836 0.010010
0 0.598389 0.710449 0.003906 0.007324
0 0.554932 0.710205 0.003418 0.005371
0 0.493530 0.709839 0.003662 0.004639
0 0.550293 0.714966 0.002930 0.007568
0 0.598267 0.703979 0.005615 0.004150
0 0.557739 0.719604 0.002197 0.005615
0 0.586670 0.699951 0.008789 0.011719
0 0.726929 0.685181 0.047607 0.033447
0 0.327881 0.679199 0.048828 0.032715
0 0.464233 0.698242 0.009033 0.009766
2 0.680420 0.705444 0.007812 0.010986
3 0.586670 0.709717 0.006836 0.008789
0 0.561523 0.713623 0.003906 0.006348
0 0.516479 0.686523 0.003662 0.005371
