0 0.295776 0.266357 0.037842 0.032227
2 0.440674 0.345581 0.005859 0.011475
2 0.418457 0.323730 0.007812 0.014648
2 0.406616 0.316772 0.008545 0.017334
2 0.302856 0.188843 0.023193 0.040283
0 0.578491 0.354980 0.004150 0.008301
0 0.587036 0.356934 0.005615 0.009277
0 0.595825 0.344971 0.006104 0.010254
3 0.915283 0.165039 0.028809 0.046875
0 0.499878 0.198853 0.037354 0.034912
0 0.303589 0.222412 0.031006 0.117676
0 0.406860 0.327393 0.013428 0.043457
0 0.418945 0.336670 0.011230 0.046875
0 0.440308 0.351685 0.008057 0.028076
0 0.449585 0.358154 0.006592 0.021973
0 0.348877 0.323242 0.024414 0.019531
0 0.459229 0.367310 0.005371 0.013916
0 0.449463 0.352661 0.004395 0.009033
