0 0.535156 0.683228 0.017090 0.022705
0 0.583252 0.701294 0.008301 0.010986
0 0.749268 0.693237 0.019043 0.024170
0 0.701050 0.703491 0.010010 0.014404
2 0.788574 0.676270 0.019043 0.025879
0 0.643311 0.705444 0.005371 0.008057
3 0.788208 0.694092 0.014404 0.014160
0 0.717041 0.705933 0.023438 0.013428
0 0.625977 0.707642 0.002930 0.004639
0 0.596191 0.703247 0.005371 0.007568
0 0.610840 0.706665 0.003906 0.006104
0 0.643433 0.711426 0.003174 0.002441
0 0.595825 0.708740 0.003174 0.002930
0 0.701782 0.714111 0.004639 0.006836
