3 0.837646 0.332153 0.018555 0.030029
3 0.493652 0.315186 0.020996 0.036621
3 0.887573 0.349365 0.012451 0.021973
1 0.493896 0.346069 0.022461 0.026123
3 0.188232 0.192627 0.030273 0.059082
2 0.189087 0.279785 0.038330 0.066406
4 0.182739 0.360107 0.035400 0.061035
1 0.835571 0.359375 0.016846 0.018066
0 0.432007 0.305786 0.043213 0.018311
1 0.455811 0.323730 0.009766 0.018066
0 0.184692 0.320679 0.030029 0.025635
2 0.676514 0.422607 0.008789 0.013672
0 0.002930 0.267578 0.005859 0.067383
0 0.459595 0.285645 0.006104 0.021484
