3 0.042847 0.509399 0.012939 0.021240
0 0.210205 0.522827 0.007324 0.009521
0 0.428955 0.541382 0.004395 0.010498
0 0.371704 0.534180 0.002686 0.012695
1 0.473633 0.536621 0.003418 0.016602
0 0.376465 0.542114 0.002441 0.006104
0 0.433838 0.534424 0.009277 0.011230
0 0.518311 0.517700 0.007812 0.012451
0 0.518311 0.507690 0.007812 0.007080
0 0.526123 0.518311 0.008301 0.013672
0 0.510498 0.517090 0.007812 0.011719
0 0.510742 0.507324 0.007324 0.006836
0 0.525879 0.531494 0.007324 0.012207
1 0.510620 0.530518 0.007080 0.012207
0 0.525879 0.508789 0.006836 0.005371
1 0.518066 0.531006 0.006836 0.012207
3 0.309448 0.498413 0.009521 0.020752
0 0.366333 0.528931 0.002686 0.010986
0 0.415039 0.544189 0.003418 0.005371
