4 0.468140 0.532227 0.015381 0.018066
4 0.665405 0.531006 0.014893 0.018066
1 0.468506 0.545410 0.011230 0.007812
1 0.665649 0.544434 0.011475 0.008789
0 0.468262 0.561401 0.006348 0.024170
0 0.449951 0.559814 0.011230 0.015137
0 0.609863 0.546997 0.005859 0.007568
0 0.665894 0.560913 0.006104 0.024170
0 0.697754 0.544312 0.002930 0.010010
1 0.523438 0.554199 0.007812 0.010254
0 0.791626 0.537354 0.004150 0.003906
1 0.569092 0.548950 0.005859 0.008545
0 0.797607 0.545044 0.002441 0.010010
0 0.791626 0.543335 0.003662 0.006592
1 0.296631 0.588989 0.021484 0.026123
