3 0.572510 0.693604 0.021973 0.018555
0 0.190186 0.639404 0.015625 0.019531
0 0.191162 0.623779 0.016113 0.011719
1 0.163818 0.655151 0.014648 0.011963
0 0.470581 0.700439 0.012939 0.012207
3 0.437134 0.699707 0.008545 0.004395
0 0.166138 0.622070 0.016357 0.010254
0 0.252075 0.688232 0.014404 0.012207
0 0.166138 0.638062 0.019287 0.020752
0 0.338135 0.674072 0.006348 0.003418
0 0.449707 0.709595 0.004883 0.004639
0 0.328003 0.675171 0.011475 0.005127
0 0.188232 0.657104 0.014648 0.012451
0 0.449341 0.703735 0.005615 0.007568
0 0.449707 0.697876 0.005371 0.003662
0 0.617798 0.655029 0.011963 0.009766
0 0.638062 0.685547 0.010986 0.011719
0 0.638306 0.655762 0.013428 0.009277
1 0.618286 0.684204 0.010986 0.010498
3 0.205200 0.667114 0.025635 0.019775
0 0.618042 0.669434 0.015381 0.018555
3 0.687378 0.509521 0.031006 0.018555
3 0.148438 0.624146 0.025879 0.011475
0 0.739990 0.517334 0.052246 0.027832
3 0.148071 0.644409 0.020264 0.029053
0 0.638184 0.670288 0.012695 0.018311
0 0.397095 0.572510 0.040771 0.017090
