4 0.287598 0.490967 0.014648 0.019043
0 0.201782 0.476196 0.021729 0.062744
0 0.201660 0.436401 0.019531 0.018311
0 0.390625 0.476807 0.008301 0.009766
0 0.305542 0.483398 0.003662 0.008301
0 0.390747 0.482300 0.005127 0.004639
0 0.671143 0.443848 0.007324 0.018555
0 0.484375 0.473877 0.003418 0.007812
0 0.302124 0.494995 0.004639 0.005127
0 0.302368 0.504517 0.004639 0.012451
0 0.493774 0.482544 0.003662 0.007080
4 0.550659 0.472656 0.017334 0.022949
3 0.201538 0.462036 0.020264 0.027100
0 0.550537 0.489258 0.004395 0.011719
