3 0.453979 0.496338 0.015381 0.018555
4 0.494629 0.521973 0.017578 0.024414
3 0.334229 0.498657 0.013672 0.014404
0 0.483398 0.484131 0.009766 0.003906
0 0.248047 0.516357 0.004395 0.005859
0 0.331177 0.485596 0.019287 0.017090
0 0.301758 0.520020 0.003418 0.004395
0 0.329102 0.473389 0.022461 0.007812
0 0.481812 0.489258 0.015869 0.004883
0 0.482544 0.494507 0.017334 0.007080
0 0.639771 0.505981 0.013428 0.011475
0 0.640259 0.514038 0.013916 0.011475
0 0.483032 0.505127 0.014404 0.005371
0 0.482910 0.500366 0.016602 0.005127
