3 0.379150 0.607910 0.011719 0.017578
4 0.808472 0.504761 0.059326 0.083252
0 0.744507 0.567749 0.059814 0.059814
1 0.813599 0.555542 0.030518 0.022705
3 0.142090 0.622070 0.005371 0.009277
0 0.342651 0.602539 0.030029 0.020508
1 0.124878 0.625854 0.006592 0.006592
0 0.125244 0.611938 0.009766 0.003662
0 0.124634 0.607300 0.008545 0.005615
0 0.313354 0.610840 0.004639 0.002930
0 0.324341 0.591797 0.007080 0.003906
0 0.124634 0.618286 0.010010 0.007080
0 0.334229 0.600098 0.008301 0.010742
0 0.313721 0.614624 0.004395 0.003174
0 0.244263 0.616089 0.005615 0.004639
