2 0.642334 0.272217 0.013672 0.027832
3 0.539795 0.263794 0.018066 0.025146
0 0.520508 0.266479 0.019043 0.027100
3 0.409180 0.376099 0.012207 0.016846
3 0.144409 0.258057 0.049561 0.064453
0 0.604004 0.280640 0.019531 0.027100
0 0.501343 0.265381 0.017334 0.024902
3 0.251709 0.369629 0.009766 0.016602
0 0.409912 0.395752 0.010254 0.014160
0 0.641602 0.290283 0.013672 0.009277
0 0.568481 0.401978 0.009033 0.013916
0 0.568848 0.386719 0.010742 0.011719
0 0.539795 0.283569 0.020508 0.011475
0 0.501465 0.286011 0.017578 0.010010
0 0.519897 0.285645 0.018311 0.011230
