3 0.121704 0.653442 0.046631 0.057373
3 0.505737 0.723633 0.009033 0.014160
0 0.360352 0.626221 0.036621 0.016113
0 0.360962 0.646606 0.036865 0.016846
0 0.684204 0.685913 0.010010 0.016357
0 0.266846 0.678223 0.019043 0.008301
0 0.445435 0.732300 0.004150 0.005127
3 0.374390 0.726562 0.007080 0.008789
0 0.750366 0.667969 0.019287 0.008301
0 0.266357 0.696289 0.019531 0.008789
0 0.750488 0.676270 0.018066 0.008789
0 0.439087 0.708740 0.010986 0.005371
0 0.750977 0.685181 0.018066 0.008057
0 0.266724 0.687012 0.019287 0.008789
