0 0.586426 0.636719 0.010742 0.021973
0 0.524048 0.608276 0.004150 0.006592
0 0.518921 0.608765 0.003662 0.007080
4 0.586548 0.637207 0.007568 0.009277
0 0.542114 0.607422 0.004150 0.007324
0 0.546997 0.606812 0.004150 0.006592
0 0.513428 0.609375 0.004395 0.007324
0 0.741211 0.632812 0.004395 0.006836
0 0.772217 0.642700 0.003418 0.009033
0 0.659668 0.640259 0.014648 0.017822
0 0.648315 0.645874 0.014404 0.004639
0 0.567993 0.592285 0.011475 0.004883
0 0.531982 0.614746 0.043945 0.026855
0 0.624512 0.634521 0.008789 0.009766
0 0.546631 0.599609 0.012695 0.005859
0 0.615845 0.638184 0.009521 0.019531
2 0.707886 0.620239 0.006592 0.008057
0 0.741455 0.639648 0.004395 0.005371
0 0.563354 0.609863 0.021729 0.029297
0 0.409302 0.066650 0.818604 0.133301
2 0.702637 0.620483 0.004883 0.006592
2 0.697266 0.620972 0.004883 0.006592
0 0.493408 0.642822 0.010254 0.020996
2 0.692627 0.632324 0.004883 0.006836
0 0.564941 0.600220 0.003906 0.007080
