0 0.633057 0.413208 0.018555 0.022705
0 0.331055 0.394043 0.024414 0.035645
2 0.571899 0.413452 0.017334 0.021240
3 0.081787 0.389282 0.047852 0.077393
3 0.159302 0.319214 0.050049 0.062744
3 0.453003 0.417358 0.004639 0.007568
0 0.327148 0.382568 0.006836 0.010254
0 0.415283 0.409912 0.006836 0.009277
0 0.339600 0.415405 0.006348 0.007080
0 0.323242 0.415405 0.008301 0.007080
0 0.612793 0.420532 0.003418 0.006592
0 0.628296 0.397705 0.009033 0.006348
0 0.647827 0.415283 0.011475 0.017578
0 0.295410 0.402710 0.005859 0.003174
