0 0.757080 0.473877 0.017090 0.022949
0 0.507080 0.499390 0.005371 0.007080
0 0.535522 0.440430 0.010986 0.014648
0 0.587769 0.436646 0.010498 0.014893
0 0.538330 0.497314 0.004883 0.006836
3 0.368408 0.555054 0.002930 0.005127
0 0.585449 0.480835 0.018066 0.017334
3 0.478760 0.500244 0.005859 0.007324
3 0.421753 0.500122 0.006104 0.008057
3 0.429199 0.443604 0.010742 0.014648
3 0.484985 0.442505 0.010010 0.014404
3 0.448975 0.500854 0.005859 0.008545
0 0.496826 0.564209 0.002930 0.010254
2 0.083252 0.538818 0.005859 0.015137
0 0.497070 0.556274 0.003418 0.004639
0 0.542480 0.556519 0.005859 0.008057
3 0.377930 0.442627 0.011230 0.015137
