3 0.414795 0.600830 0.009766 0.011719
0 0.722900 0.519287 0.040527 0.049805
3 0.458008 0.654297 0.006348 0.008789
3 0.307983 0.662476 0.006104 0.007080
2 0.912964 0.593628 0.012451 0.024658
0 0.458008 0.664185 0.006836 0.009033
3 0.913818 0.619263 0.011719 0.025635
0 0.307251 0.671021 0.006104 0.008545
3 0.584106 0.691528 0.004639 0.020752
0 0.248169 0.694336 0.010986 0.013184
0 0.752563 0.576172 0.017334 0.007812
0 0.414429 0.613770 0.007080 0.013672
0 0.951904 0.601685 0.019531 0.007568
0 0.478271 0.649536 0.008789 0.011963
0 0.760132 0.584717 0.029541 0.009277
